# unix_time, cycles_done, cur_path, paths_total, pending_total, pending_favs, map_size, unique_crashes, unique_hangs, max_depth, execs_per_sec
1592514990, 0, 0, 1, 1, 1, 0.02%, 0, 0, 1, 2666.67
1592514995, 15, 1, 4, 0, 0, 0.04%, 0, 0, 1, 3453.25
1592515000, 29, 2, 4, 0, 0, 0.04%, 0, 0, 1, 3458.22
1592515005, 39, 4, 5, 0, 0, 0.04%, 0, 0, 1, 3466.26
1592515010, 44, 3, 5, 0, 0, 0.04%, 0, 0, 1, 3713.42
1592515015, 49, 2, 5, 0, 0, 0.04%, 0, 0, 1, 3560.34
1592515020, 58, 0, 5, 0, 0, 0.04%, 0, 0, 1, 3483.57
1592515025, 66, 2, 5, 0, 0, 0.04%, 0, 0, 1, 3382.41
1592515030, 75, 0, 5, 0, 0, 0.04%, 0, 0, 1, 3466.96
1592515035, 84, 4, 5, 0, 0, 0.04%, 0, 0, 1, 3809.75
1592515041, 94, 2, 5, 0, 0, 0.04%, 0, 0, 1, 3823.90
1592515046, 103, 0, 5, 0, 0, 0.04%, 0, 0, 1, 3547.92
1592515051, 112, 4, 5, 0, 0, 0.04%, 0, 0, 1, 3651.35
1592515056, 121, 3, 5, 0, 0, 0.04%, 0, 0, 1, 3456.21
1592515061, 130, 0, 5, 0, 0, 0.04%, 0, 0, 1, 3437.48
1592515066, 139, 0, 5, 0, 0, 0.04%, 0, 0, 1, 3624.76
1592515072, 148, 0, 5, 0, 0, 0.04%, 0, 0, 1, 3535.66
1592515077, 157, 4, 5, 0, 0, 0.04%, 0, 0, 1, 3753.69
1592515082, 165, 4, 5, 0, 0, 0.04%, 0, 0, 1, 3299.28
1592515087, 174, 2, 5, 0, 0, 0.04%, 0, 0, 1, 3305.08
1592515092, 183, 4, 5, 0, 0, 0.04%, 0, 0, 1, 3530.90
1592515097, 192, 4, 5, 0, 0, 0.04%, 0, 0, 1, 3672.90
1592515103, 201, 4, 5, 0, 0, 0.04%, 0, 0, 1, 3523.11
1592515108, 211, 0, 5, 0, 0, 0.04%, 0, 0, 1, 3501.48
1592515113, 222, 0, 5, 0, 0, 0.04%, 0, 0, 1, 4192.01
1592515118, 232, 4, 5, 0, 0, 0.04%, 0, 0, 1, 4266.94
1592515123, 243, 3, 5, 0, 0, 0.04%, 0, 0, 1, 4254.06
1592515128, 254, 4, 5, 0, 0, 0.04%, 0, 0, 1, 4357.12
1592515134, 264, 3, 5, 0, 0, 0.04%, 0, 0, 1, 3918.34
1592515139, 272, 3, 5, 0, 0, 0.04%, 0, 0, 1, 3297.03
1592515144, 280, 3, 5, 0, 0, 0.04%, 0, 0, 1, 3179.13
1592515149, 288, 3, 5, 0, 0, 0.04%, 0, 0, 1, 3150.29
1592515154, 296, 4, 5, 0, 0, 0.04%, 0, 0, 1, 3145.31
1592515159, 304, 4, 5, 0, 0, 0.04%, 0, 0, 1, 3144.63
1592515165, 312, 4, 5, 0, 0, 0.04%, 0, 0, 1, 3143.35
1592515170, 321, 0, 5, 0, 0, 0.04%, 0, 0, 1, 3143.48
1592515175, 329, 0, 5, 0, 0, 0.04%, 0, 0, 1, 3142.01
1592515180, 337, 3, 5, 0, 0, 0.04%, 0, 0, 1, 3390.12
1592515185, 348, 1, 5, 0, 0, 0.04%, 0, 0, 1, 4076.97
1592515190, 358, 4, 5, 0, 0, 0.04%, 0, 0, 1, 4280.22
1592515195, 369, 1, 5, 0, 0, 0.04%, 0, 0, 1, 4050.68
1592515200, 377, 4, 5, 0, 0, 0.04%, 0, 0, 1, 3663.26
1592515206, 388, 4, 5, 0, 0, 0.04%, 0, 0, 1, 4119.60
1592515211, 399, 0, 5, 0, 0, 0.04%, 0, 0, 1, 4050.89
1592515216, 410, 0, 5, 0, 0, 0.04%, 0, 0, 1, 4171.82
1592515221, 420, 3, 5, 0, 0, 0.04%, 0, 0, 1, 4053.89
1592515226, 430, 4, 5, 0, 0, 0.04%, 0, 0, 1, 3962.76
1592515231, 441, 4, 5, 0, 0, 0.04%, 0, 0, 1, 4206.00
1592515237, 452, 4, 5, 0, 0, 0.04%, 0, 0, 1, 4211.96
1592515242, 463, 4, 5, 0, 0, 0.04%, 0, 0, 1, 4302.62
1592515247, 473, 4, 5, 0, 0, 0.04%, 0, 0, 1, 3922.36
1592515252, 482, 0, 5, 0, 0, 0.04%, 0, 0, 1, 3414.26
1592515257, 489, 4, 5, 0, 0, 0.04%, 0, 0, 1, 3197.03
1592515262, 497, 4, 5, 0, 0, 0.04%, 0, 0, 1, 3163.27
1592515267, 505, 3, 5, 0, 0, 0.04%, 0, 0, 1, 3147.47
1592515272, 513, 3, 5, 0, 0, 0.04%, 0, 0, 1, 3143.71
1592515278, 521, 2, 5, 0, 0, 0.04%, 0, 0, 1, 3143.84
1592515283, 529, 2, 5, 0, 0, 0.04%, 0, 0, 1, 3150.36
1592515288, 537, 4, 5, 0, 0, 0.04%, 0, 0, 1, 3486.72
1592515293, 548, 2, 5, 0, 0, 0.04%, 0, 0, 1, 3931.18
1592515298, 558, 2, 5, 0, 0, 0.04%, 0, 0, 1, 3911.47
1592515303, 566, 4, 5, 0, 0, 0.04%, 0, 0, 1, 3318.69
1592515308, 574, 4, 5, 0, 0, 0.04%, 0, 0, 1, 3182.64
1592515314, 582, 3, 5, 0, 0, 0.04%, 0, 0, 1, 3150.77
1592515319, 592, 4, 5, 0, 0, 0.04%, 0, 0, 1, 3850.11
1592515324, 603, 4, 5, 0, 0, 0.04%, 0, 0, 1, 4183.07
1592515329, 614, 2, 5, 0, 0, 0.04%, 0, 0, 1, 4296.37
1592515334, 624, 4, 5, 0, 0, 0.04%, 0, 0, 1, 4194.08
1592515339, 635, 0, 5, 0, 0, 0.04%, 0, 0, 1, 4183.35
1592515345, 645, 2, 5, 0, 0, 0.04%, 0, 0, 1, 4069.41
1592515350, 654, 4, 5, 0, 0, 0.04%, 0, 0, 1, 3900.90
1592515355, 665, 3, 5, 0, 0, 0.04%, 0, 0, 1, 4253.04
1592515360, 676, 3, 5, 0, 0, 0.04%, 0, 0, 1, 4329.88
1592515365, 687, 0, 5, 0, 0, 0.04%, 0, 0, 1, 4178.50
1592515370, 697, 3, 5, 0, 0, 0.04%, 0, 0, 1, 4171.70
1592515375, 708, 3, 5, 0, 0, 0.04%, 0, 0, 1, 4303.69
1592515381, 718, 4, 5, 0, 0, 0.04%, 0, 0, 1, 4215.71
1592515386, 728, 4, 5, 0, 0, 0.04%, 0, 0, 1, 3987.60
1592515391, 739, 4, 5, 0, 0, 0.04%, 0, 0, 1, 4277.03
1592515396, 750, 4, 5, 0, 0, 0.04%, 0, 0, 1, 4334.89
1592515401, 761, 2, 5, 0, 0, 0.04%, 0, 0, 1, 4268.94
1592515406, 771, 4, 5, 0, 0, 0.04%, 0, 0, 1, 4104.68
1592515412, 781, 4, 5, 0, 0, 0.04%, 0, 0, 1, 3981.19
1592515417, 792, 2, 5, 0, 0, 0.04%, 0, 0, 1, 4045.00
1592515422, 800, 2, 5, 0, 0, 0.04%, 0, 0, 1, 3205.64
1592515427, 810, 2, 5, 0, 0, 0.04%, 0, 0, 1, 3870.68
1592515432, 821, 4, 5, 0, 0, 0.04%, 0, 0, 1, 4275.19
1592515437, 831, 4, 5, 0, 0, 0.04%, 0, 0, 1, 4028.18
1592515442, 842, 1, 5, 0, 0, 0.04%, 0, 0, 1, 4181.16
1592515447, 851, 3, 5, 0, 0, 0.04%, 0, 0, 1, 3911.04
1592515452, 860, 0, 5, 0, 0, 0.04%, 0, 0, 1, 667.71
1592515457, 869, 4, 5, 0, 0, 0.04%, 0, 0, 1, 3427.56
1592515463, 881, 0, 5, 0, 0, 0.04%, 0, 0, 1, 4104.36
1592515468, 891, 1, 5, 0, 0, 0.04%, 0, 0, 1, 3951.60
1592515473, 901, 4, 5, 0, 0, 0.04%, 0, 0, 1, 4085.97
1592515478, 910, 4, 5, 0, 0, 0.04%, 0, 0, 1, 3553.60
1592515483, 919, 4, 5, 0, 0, 0.04%, 0, 0, 1, 3810.34
1592515488, 929, 4, 5, 0, 0, 0.04%, 0, 0, 1, 3854.20
1592515493, 940, 0, 5, 0, 0, 0.04%, 0, 0, 1, 4029.16
1592515498, 950, 0, 5, 0, 0, 0.04%, 0, 0, 1, 3971.29
1592515504, 958, 0, 5, 0, 0, 0.04%, 0, 0, 1, 2018.07
1592515509, 968, 4, 5, 0, 0, 0.04%, 0, 0, 1, 3680.99
1592515514, 979, 4, 5, 0, 0, 0.04%, 0, 0, 1, 4300.67
1592515519, 990, 4, 5, 0, 0, 0.04%, 0, 0, 1, 4248.30
1592515524, 999, 4, 5, 0, 0, 0.04%, 0, 0, 1, 4376.24
1592515529, 1010, 1, 5, 0, 0, 0.04%, 0, 0, 1, 4243.73
1592515534, 1021, 0, 5, 0, 0, 0.04%, 0, 0, 1, 4336.73
1592515540, 1031, 4, 5, 0, 0, 0.04%, 0, 0, 1, 4271.87
1592515545, 1040, 3, 5, 0, 0, 0.04%, 0, 0, 1, 3482.04
1592515550, 1050, 4, 5, 0, 0, 0.04%, 0, 0, 1, 3948.59
1592515555, 1061, 2, 5, 0, 0, 0.04%, 0, 0, 1, 4045.58
1592515560, 1071, 2, 5, 0, 0, 0.04%, 0, 0, 1, 4123.67
1592515565, 1080, 4, 5, 0, 0, 0.04%, 0, 0, 1, 4079.42
1592515570, 1089, 3, 5, 0, 0, 0.04%, 0, 0, 1, 3861.56
1592515575, 1099, 4, 5, 0, 0, 0.04%, 0, 0, 1, 3984.75
1592515581, 1109, 3, 5, 0, 0, 0.04%, 0, 0, 1, 3694.25
1592515586, 1118, 4, 5, 0, 0, 0.04%, 0, 0, 1, 4154.80
1592515591, 1126, 4, 5, 0, 0, 0.04%, 0, 0, 1, 3567.67
1592515596, 1136, 4, 5, 0, 0, 0.04%, 0, 0, 1, 3790.09
1592515601, 1146, 3, 5, 0, 0, 0.04%, 0, 0, 1, 3782.01
1592515606, 1154, 4, 5, 0, 0, 0.04%, 0, 0, 1, 661.97
1592515612, 1164, 1, 5, 0, 0, 0.04%, 0, 0, 1, 3858.02
1592515617, 1174, 3, 5, 0, 0, 0.04%, 0, 0, 1, 4009.50
1592515622, 1183, 4, 5, 0, 0, 0.04%, 0, 0, 1, 3714.02
1592515627, 1193, 2, 5, 0, 0, 0.04%, 0, 0, 1, 719.18
1592515632, 1201, 4, 5, 0, 0, 0.04%, 0, 0, 1, 3033.21
1592515637, 1211, 0, 5, 0, 0, 0.04%, 0, 0, 1, 3449.23
1592515642, 1221, 0, 5, 0, 0, 0.04%, 0, 0, 1, 3814.81
1592515647, 1228, 3, 5, 0, 0, 0.04%, 0, 0, 1, 3202.11
1592515653, 1234, 4, 5, 0, 0, 0.04%, 0, 0, 1, 2792.18
1592515658, 1244, 3, 5, 0, 0, 0.04%, 0, 0, 1, 3687.45
1592515663, 1254, 1, 5, 0, 0, 0.04%, 0, 0, 1, 3578.32
1592515668, 1261, 4, 5, 0, 0, 0.04%, 0, 0, 1, 3122.35
1592515673, 1268, 1, 5, 0, 0, 0.04%, 0, 0, 1, 2985.76
1592515678, 1277, 4, 5, 0, 0, 0.04%, 0, 0, 1, 3596.41
1592515683, 1286, 4, 5, 0, 0, 0.04%, 0, 0, 1, 3502.53
1592515688, 1296, 4, 5, 0, 0, 0.04%, 0, 0, 1, 3955.80
1592515693, 1305, 3, 5, 0, 0, 0.04%, 0, 0, 1, 3956.64
1592515699, 1316, 0, 5, 0, 0, 0.04%, 0, 0, 1, 4075.35
1592515704, 1325, 4, 5, 0, 0, 0.04%, 0, 0, 1, 3832.55
1592515709, 1333, 4, 5, 0, 0, 0.04%, 0, 0, 1, 3100.18
1592515714, 1343, 0, 5, 0, 0, 0.04%, 0, 0, 1, 3479.94
1592515719, 1353, 0, 5, 0, 0, 0.04%, 0, 0, 1, 3830.12
1592515724, 1363, 4, 5, 0, 0, 0.04%, 0, 0, 1, 4102.21
1592515729, 1372, 0, 5, 0, 0, 0.04%, 0, 0, 1, 3442.40
1592515735, 1379, 4, 5, 0, 0, 0.04%, 0, 0, 1, 3191.09
1592515740, 1388, 0, 5, 0, 0, 0.04%, 0, 0, 1, 3088.34
1592515745, 1394, 4, 5, 0, 0, 0.04%, 0, 0, 1, 2540.76
1592515750, 1402, 2, 5, 0, 0, 0.04%, 0, 0, 1, 2938.52
1592515755, 1409, 4, 5, 0, 0, 0.04%, 0, 0, 1, 2979.45
1592515760, 1417, 2, 5, 0, 0, 0.04%, 0, 0, 1, 2989.89
1592515765, 1423, 4, 5, 0, 0, 0.04%, 0, 0, 1, 2815.73
1592515771, 1432, 4, 5, 0, 0, 0.04%, 0, 0, 1, 3502.29
1592515776, 1443, 0, 5, 0, 0, 0.04%, 0, 0, 1, 3888.31
1592515781, 1449, 5, 6, 0, 0, 0.04%, 0, 0, 1, 1494.33
1592515786, 1454, 5, 6, 0, 0, 0.04%, 0, 0, 1, 3267.08
1592515791, 1460, 4, 6, 0, 0, 0.04%, 0, 0, 1, 3804.09
1592515796, 1465, 5, 6, 0, 0, 0.04%, 0, 0, 1, 3870.99
1592515801, 1470, 4, 6, 0, 0, 0.04%, 0, 0, 1, 3598.53
1592515807, 1475, 5, 6, 0, 0, 0.04%, 0, 0, 1, 3860.54
1592515812, 1481, 4, 6, 0, 0, 0.04%, 0, 0, 1, 4114.90
1592515817, 1486, 2, 6, 0, 0, 0.04%, 0, 0, 1, 2560.15
1592515822, 1491, 4, 6, 0, 0, 0.04%, 0, 0, 1, 3399.12
1592515827, 1496, 5, 6, 0, 0, 0.04%, 0, 0, 1, 3723.43
1592515832, 1501, 0, 6, 0, 0, 0.04%, 0, 0, 1, 3509.26
1592515837, 1506, 4, 6, 0, 0, 0.04%, 0, 0, 1, 3745.45
1592515843, 1512, 2, 6, 0, 0, 0.04%, 0, 0, 1, 3954.66
1592515848, 1516, 5, 6, 0, 0, 0.04%, 0, 0, 1, 3577.38
1592515853, 1522, 5, 6, 0, 0, 0.04%, 0, 0, 1, 3905.44
1592515858, 1527, 3, 6, 0, 0, 0.04%, 0, 0, 1, 3472.71
