# unix_time, cycles_done, cur_path, paths_total, pending_total, pending_favs, map_size, unique_crashes, unique_hangs, max_depth, execs_per_sec
1592435347, 0, 0, 1, 1, 1, 0.02%, 0, 0, 1, 4.01
1592435367, 0, 0, 2, 2, 1, 0.02%, 0, 0, 2, 2.78
1592435372, 0, 0, 3, 3, 1, 0.02%, 0, 0, 2, 2.61
1592435378, 0, 0, 4, 4, 1, 0.02%, 0, 0, 2, 2.63
1592435383, 0, 0, 6, 6, 1, 0.03%, 0, 0, 2, 2.61
1592435393, 0, 0, 7, 7, 1, 0.04%, 0, 0, 2, 2.57
1592435398, 0, 0, 9, 9, 1, 0.04%, 0, 0, 2, 2.60
1592435418, 0, 0, 10, 10, 1, 0.05%, 0, 0, 2, 2.57
1592435565, 0, 0, 11, 11, 1, 0.05%, 0, 0, 2, 2.61
1592435788, 0, 0, 11, 10, 0, 0.05%, 0, 0, 2, 2.58
1592435794, 0, 0, 12, 11, 0, 0.05%, 0, 0, 2, 2.59
1592435804, 0, 1, 12, 11, 9, 0.05%, 0, 0, 2, 2.61
1592435809, 0, 2, 12, 10, 8, 0.05%, 0, 0, 2, 2.64
1592435892, 0, 4, 12, 9, 7, 0.05%, 0, 0, 2, 2.63
1592435987, 0, 5, 12, 8, 6, 0.05%, 0, 0, 2, 2.64
1592435992, 0, 6, 12, 7, 5, 0.05%, 0, 0, 2, 2.63
1592436092, 0, 7, 12, 6, 4, 0.05%, 0, 0, 2, 2.65
1592436208, 0, 8, 12, 5, 3, 0.05%, 0, 0, 2, 2.61
1592436317, 0, 9, 12, 4, 2, 0.05%, 0, 0, 2, 2.64
1592436416, 0, 10, 12, 3, 1, 0.05%, 0, 0, 2, 2.65
1592436521, 1, 0, 12, 2, 0, 0.05%, 0, 0, 2, 2.64
1592436610, 1, 1, 12, 2, 0, 0.05%, 0, 0, 2, 2.59
1592436615, 1, 2, 12, 2, 0, 0.05%, 0, 0, 2, 2.61
1592436679, 1, 2, 13, 3, 0, 0.05%, 0, 0, 3, 2.63
1592436700, 1, 2, 14, 4, 0, 0.05%, 0, 0, 3, 2.62
1592436726, 1, 4, 14, 4, 0, 0.05%, 0, 0, 3, 2.60
1592436809, 1, 5, 14, 4, 0, 0.05%, 0, 0, 3, 2.62
1592436814, 1, 6, 14, 4, 0, 0.05%, 0, 0, 3, 2.63
1592436909, 1, 7, 14, 4, 0, 0.05%, 0, 0, 3, 2.65
1592437009, 1, 8, 14, 4, 0, 0.05%, 0, 0, 3, 2.66
1592437104, 1, 9, 14, 4, 0, 0.05%, 0, 0, 3, 2.63
1592437209, 1, 10, 14, 4, 0, 0.05%, 0, 0, 3, 2.61
1592437304, 1, 13, 14, 4, 0, 0.05%, 0, 0, 3, 2.62
1592437448, 2, 0, 14, 3, 0, 0.05%, 0, 0, 3, 2.63
1592437496, 2, 0, 15, 4, 0, 0.05%, 0, 0, 3, 2.61
1592437554, 2, 1, 15, 4, 0, 0.05%, 0, 0, 3, 2.61
1592437560, 2, 2, 15, 4, 0, 0.05%, 0, 0, 3, 2.61
1592437643, 2, 4, 15, 4, 0, 0.05%, 0, 0, 3, 2.59
1592437747, 2, 5, 15, 4, 0, 0.05%, 0, 0, 3, 2.61
1592437752, 2, 6, 15, 4, 0, 0.05%, 0, 0, 3, 2.59
1592437841, 2, 7, 15, 4, 0, 0.05%, 0, 0, 3, 2.61
1592437920, 2, 8, 15, 4, 0, 0.05%, 0, 0, 3, 2.63
1592438009, 2, 9, 15, 4, 0, 0.05%, 0, 0, 3, 2.58
1592438109, 2, 10, 15, 4, 0, 0.05%, 0, 0, 3, 2.61
1592438198, 2, 11, 15, 4, 0, 0.05%, 0, 0, 3, 2.63
1592438318, 2, 12, 15, 3, 0, 0.05%, 0, 0, 3, 2.57
1592438475, 3, 0, 15, 2, 0, 0.05%, 0, 0, 3, 2.62
1592438564, 3, 1, 15, 2, 0, 0.05%, 0, 0, 3, 2.61
1592438574, 3, 2, 15, 2, 0, 0.05%, 0, 0, 3, 2.59
1592438669, 3, 2, 16, 3, 0, 0.05%, 0, 0, 3, 2.63
1592438674, 3, 3, 17, 4, 0, 0.05%, 0, 0, 3, 2.60
1592438784, 3, 4, 17, 3, 0, 0.05%, 0, 0, 3, 2.58
1592438882, 3, 5, 17, 3, 0, 0.05%, 0, 0, 3, 2.65
1592438893, 3, 6, 17, 3, 0, 0.05%, 0, 0, 3, 2.63
1592438992, 3, 7, 17, 3, 0, 0.05%, 0, 0, 3, 2.61
1592439092, 3, 8, 17, 3, 0, 0.05%, 0, 0, 3, 2.66
1592439197, 3, 9, 17, 3, 0, 0.05%, 0, 0, 3, 2.64
1592439298, 3, 10, 17, 3, 0, 0.05%, 0, 0, 3, 2.60
1592439392, 3, 15, 17, 3, 0, 0.05%, 0, 0, 3, 2.63
1592439851, 4, 0, 17, 2, 0, 0.05%, 0, 0, 3, 2.66
1592439940, 4, 1, 17, 2, 0, 0.05%, 0, 0, 3, 2.62
1592439950, 4, 2, 17, 2, 0, 0.05%, 0, 0, 3, 2.60
1592440050, 4, 4, 17, 2, 0, 0.05%, 0, 0, 3, 2.65
1592440143, 4, 5, 17, 2, 0, 0.05%, 0, 0, 3, 2.61
1592440149, 4, 6, 17, 2, 0, 0.05%, 0, 0, 3, 2.61
1592440254, 4, 7, 17, 2, 0, 0.05%, 0, 0, 3, 2.60
1592440358, 4, 8, 17, 2, 0, 0.05%, 0, 0, 3, 2.61
1592440458, 4, 9, 17, 2, 0, 0.05%, 0, 0, 3, 2.64
1592440564, 4, 10, 17, 2, 0, 0.05%, 0, 0, 3, 2.60
1592440658, 4, 11, 17, 2, 0, 0.05%, 0, 0, 3, 2.61
1592440752, 4, 14, 17, 2, 0, 0.05%, 0, 0, 3, 2.63
1592440946, 5, 0, 17, 1, 0, 0.05%, 0, 0, 3, 2.57
1592441050, 5, 1, 17, 1, 0, 0.05%, 0, 0, 3, 2.37
1592441060, 5, 2, 17, 1, 0, 0.05%, 0, 0, 3, 2.42
1592441158, 5, 4, 17, 1, 0, 0.05%, 0, 0, 3, 2.38
1592441256, 5, 5, 17, 1, 0, 0.05%, 0, 0, 3, 2.35
1592441261, 5, 6, 17, 1, 0, 0.05%, 0, 0, 3, 2.37
1592441370, 5, 7, 17, 1, 0, 0.05%, 0, 0, 3, 2.41
1592441490, 5, 8, 17, 1, 0, 0.05%, 0, 0, 3, 2.40
1592441589, 5, 9, 17, 1, 0, 0.05%, 0, 0, 3, 2.42
1592441698, 5, 10, 17, 1, 0, 0.05%, 0, 0, 3, 2.41
1592441807, 6, 0, 17, 1, 0, 0.05%, 0, 0, 3, 2.40
1592441909, 6, 1, 17, 1, 0, 0.05%, 0, 0, 3, 2.42
1592441919, 6, 2, 17, 1, 0, 0.05%, 0, 0, 3, 2.40
1592442029, 6, 4, 17, 1, 0, 0.05%, 0, 0, 3, 2.39
1592442137, 6, 5, 17, 1, 0, 0.05%, 0, 0, 3, 2.38
1592442142, 6, 6, 17, 1, 0, 0.05%, 0, 0, 3, 2.42
1592442245, 6, 7, 17, 1, 0, 0.05%, 0, 0, 3, 2.38
1592442343, 6, 8, 17, 1, 0, 0.05%, 0, 0, 3, 2.42
