# unix_time, cycles_done, cur_path, paths_total, pending_total, pending_favs, map_size, unique_crashes, unique_hangs, max_depth, execs_per_sec
1592412728, 0, 0, 1, 1, 1, 0.02%, 0, 0, 1, 3.30
1592412754, 0, 0, 3, 3, 1, 0.04%, 0, 0, 2, 2.62
1592412759, 0, 0, 4, 4, 1, 0.04%, 0, 0, 2, 2.58
1592412764, 0, 0, 5, 5, 1, 0.04%, 0, 0, 2, 2.55
1592412769, 0, 0, 6, 6, 1, 0.04%, 0, 0, 2, 2.54
1592412775, 0, 0, 7, 7, 1, 0.04%, 0, 0, 2, 2.52
1592412780, 0, 0, 8, 8, 1, 0.05%, 0, 0, 2, 2.53
1592412785, 0, 0, 9, 9, 1, 0.05%, 0, 0, 2, 2.53
1592412861, 0, 0, 9, 9, 1, 0.05%, 1, 0, 2, 2.57
1592413181, 0, 0, 9, 8, 0, 0.05%, 1, 0, 2, 2.59
1592413186, 0, 0, 10, 9, 0, 0.05%, 1, 0, 2, 2.58
1592413196, 0, 1, 10, 9, 9, 0.05%, 1, 0, 2, 2.57
1592413308, 0, 2, 10, 8, 8, 0.05%, 1, 0, 2, 2.57
1592413415, 0, 3, 10, 7, 7, 0.05%, 1, 0, 2, 2.58
1592413523, 0, 4, 10, 6, 6, 0.05%, 1, 0, 2, 2.61
1592413635, 0, 5, 10, 5, 5, 0.05%, 1, 0, 2, 2.57
1592413641, 0, 6, 10, 4, 4, 0.05%, 1, 0, 2, 2.56
1592413747, 0, 7, 10, 3, 3, 0.05%, 1, 0, 2, 2.56
1592413854, 0, 8, 10, 2, 2, 0.05%, 1, 0, 2, 2.57
1592413973, 0, 9, 10, 1, 1, 0.05%, 1, 0, 2, 2.61
1592414091, 1, 0, 10, 0, 0, 0.05%, 1, 0, 2, 2.57
1592414157, 1, 0, 11, 1, 0, 0.05%, 1, 0, 2, 2.58
1592414188, 1, 1, 11, 1, 0, 0.05%, 1, 0, 2, 2.59
1592414213, 1, 1, 12, 2, 0, 0.05%, 1, 0, 3, 2.59
1592414218, 1, 1, 13, 3, 0, 0.05%, 1, 0, 3, 2.57
1592414320, 1, 2, 13, 3, 0, 0.05%, 1, 0, 3, 2.61
1592414419, 1, 3, 13, 3, 0, 0.05%, 1, 0, 3, 2.60
1592414522, 1, 4, 13, 3, 0, 0.05%, 1, 0, 3, 2.58
1592414547, 1, 4, 14, 4, 0, 0.05%, 1, 0, 3, 2.55
1592414638, 1, 5, 14, 4, 0, 0.05%, 1, 0, 3, 2.58
1592414649, 1, 6, 14, 4, 0, 0.05%, 1, 0, 3, 2.58
1592414751, 1, 7, 14, 4, 0, 0.05%, 1, 0, 3, 2.56
1592414854, 1, 8, 14, 4, 0, 0.05%, 1, 0, 3, 2.57
1592414953, 1, 9, 14, 4, 0, 0.05%, 1, 0, 3, 2.62
1592415060, 1, 11, 14, 4, 0, 0.05%, 1, 0, 3, 2.56
1592415208, 1, 13, 14, 3, 0, 0.05%, 1, 0, 3, 2.56
1592415404, 2, 0, 14, 2, 0, 0.05%, 1, 0, 3, 2.58
1592415500, 2, 1, 14, 2, 0, 0.05%, 1, 0, 3, 2.57
1592415609, 2, 2, 14, 2, 0, 0.05%, 1, 0, 3, 2.60
1592415712, 2, 3, 14, 2, 0, 0.05%, 1, 0, 3, 2.59
1592415814, 2, 4, 14, 2, 0, 0.05%, 1, 0, 3, 2.58
1592415920, 2, 5, 14, 2, 0, 0.05%, 1, 0, 3, 2.57
1592415925, 2, 6, 14, 2, 0, 0.05%, 1, 0, 3, 2.58
1592416028, 2, 7, 14, 2, 0, 0.05%, 1, 0, 3, 2.60
1592416130, 2, 8, 14, 2, 0, 0.05%, 1, 0, 3, 2.61
1592416232, 2, 8, 15, 3, 0, 0.05%, 1, 0, 3, 2.57
1592416237, 2, 9, 15, 3, 0, 0.05%, 1, 0, 3, 2.57
1592416340, 2, 12, 15, 3, 0, 0.05%, 1, 0, 3, 2.57
1592416519, 3, 0, 15, 2, 0, 0.05%, 1, 0, 3, 2.58
1592416608, 3, 1, 15, 2, 0, 0.05%, 1, 0, 3, 2.64
1592416711, 3, 1, 16, 3, 0, 0.05%, 1, 0, 3, 2.63
1592416726, 3, 2, 16, 3, 0, 0.05%, 1, 0, 3, 2.61
1592416828, 3, 3, 16, 3, 0, 0.05%, 1, 0, 3, 2.56
1592416931, 3, 4, 16, 3, 0, 0.05%, 1, 0, 3, 2.56
1592417027, 3, 5, 16, 3, 0, 0.05%, 1, 0, 3, 2.58
1592417032, 3, 6, 16, 3, 0, 0.05%, 1, 0, 3, 2.59
1592417138, 3, 7, 16, 3, 0, 0.05%, 1, 0, 3, 2.56
1592417240, 3, 8, 16, 3, 0, 0.05%, 1, 0, 3, 2.55
1592417337, 3, 9, 16, 3, 0, 0.05%, 1, 0, 3, 3.10
1592417439, 3, 15, 16, 3, 0, 0.05%, 1, 0, 3, 2.55
1592417923, 4, 0, 16, 2, 0, 0.05%, 1, 0, 3, 2.56
1592418024, 4, 1, 16, 2, 0, 0.05%, 1, 0, 3, 2.55
1592418136, 4, 2, 16, 2, 0, 0.05%, 1, 0, 3, 2.57
1592418237, 4, 3, 16, 2, 0, 0.05%, 1, 0, 3, 2.57
1592418343, 4, 4, 16, 2, 0, 0.05%, 1, 0, 3, 2.57
1592418449, 4, 5, 16, 2, 0, 0.05%, 1, 0, 3, 2.55
1592418455, 4, 6, 16, 2, 0, 0.05%, 1, 0, 3, 2.54
1592418561, 4, 7, 16, 2, 0, 0.05%, 1, 0, 3, 2.57
1592418662, 4, 8, 16, 2, 0, 0.05%, 1, 0, 3, 2.58
1592418764, 4, 9, 16, 2, 0, 0.05%, 1, 0, 3, 2.57
1592418870, 5, 0, 16, 2, 0, 0.05%, 1, 0, 3, 2.56
1592418950, 5, 1, 16, 2, 0, 0.05%, 1, 0, 3, 2.57
1592419062, 5, 2, 16, 2, 0, 0.05%, 1, 0, 3, 2.56
1592419163, 5, 3, 16, 2, 0, 0.05%, 1, 0, 3, 2.58
1592419264, 5, 4, 16, 2, 0, 0.05%, 1, 0, 3, 2.58
1592419376, 5, 5, 16, 2, 0, 0.05%, 1, 0, 3, 2.57
1592419381, 5, 6, 16, 2, 0, 0.05%, 1, 0, 3, 2.57
1592419482, 5, 7, 16, 2, 0, 0.05%, 1, 0, 3, 2.57
1592419584, 5, 8, 16, 2, 0, 0.05%, 1, 0, 3, 2.55
1592419691, 5, 9, 16, 2, 0, 0.05%, 1, 0, 3, 2.56
1592419793, 6, 0, 16, 2, 0, 0.05%, 1, 0, 3, 2.57
1592419884, 6, 1, 16, 2, 0, 0.05%, 1, 0, 3, 2.56
1592419991, 6, 2, 16, 2, 0, 0.05%, 1, 0, 3, 2.56
1592420098, 6, 3, 16, 2, 0, 0.05%, 1, 0, 3, 2.56
1592420199, 6, 4, 16, 2, 0, 0.05%, 1, 0, 3, 2.55
1592420296, 6, 5, 16, 2, 0, 0.05%, 1, 0, 3, 2.58
1592420301, 6, 6, 16, 2, 0, 0.05%, 1, 0, 3, 2.57
1592420407, 6, 7, 16, 2, 0, 0.05%, 1, 0, 3, 2.57
1592420508, 6, 8, 16, 2, 0, 0.05%, 1, 0, 3, 2.56
1592420610, 6, 9, 16, 2, 0, 0.05%, 1, 0, 3, 2.57
1592420711, 7, 0, 16, 2, 0, 0.05%, 1, 0, 3, 2.57
1592420817, 7, 1, 16, 2, 0, 0.05%, 1, 0, 3, 2.57
1592420924, 7, 2, 16, 2, 0, 0.05%, 1, 0, 3, 2.56
1592421030, 7, 3, 16, 2, 0, 0.05%, 1, 0, 3, 2.55
1592421132, 7, 4, 16, 2, 0, 0.05%, 1, 0, 3, 2.57
1592421233, 7, 5, 16, 2, 0, 0.05%, 1, 0, 3, 2.56
1592421238, 7, 6, 16, 2, 0, 0.05%, 1, 0, 3, 2.57
1592421344, 7, 7, 16, 2, 0, 0.05%, 1, 0, 3, 2.56
1592421446, 7, 8, 16, 2, 0, 0.05%, 1, 0, 3, 2.58
1592421552, 7, 9, 16, 2, 0, 0.05%, 1, 0, 3, 2.58
1592421653, 8, 0, 16, 2, 0, 0.05%, 1, 0, 3, 2.56
1592421744, 8, 1, 16, 2, 0, 0.05%, 1, 0, 3, 2.58
1592421851, 8, 2, 16, 2, 0, 0.05%, 1, 0, 3, 2.57
1592421957, 8, 3, 16, 2, 0, 0.05%, 1, 0, 3, 2.57
1592422059, 8, 4, 16, 2, 0, 0.05%, 1, 0, 3, 2.57
1592422160, 8, 5, 16, 2, 0, 0.05%, 1, 0, 3, 2.57
1592422170, 8, 6, 16, 2, 0, 0.05%, 1, 0, 3, 2.57
1592422271, 8, 7, 16, 2, 0, 0.05%, 1, 0, 3, 2.57
1592422373, 8, 8, 16, 2, 0, 0.05%, 1, 0, 3, 2.56
1592422474, 8, 9, 16, 2, 0, 0.05%, 1, 0, 3, 2.58
1592422581, 8, 10, 16, 2, 0, 0.05%, 1, 0, 3, 2.57
1592422728, 8, 14, 16, 1, 0, 0.05%, 1, 0, 3, 2.56
1592423027, 9, 0, 16, 0, 0, 0.05%, 1, 0, 3, 2.56
1592423133, 9, 1, 16, 0, 0, 0.05%, 1, 0, 3, 2.57
1592423240, 9, 2, 16, 0, 0, 0.05%, 1, 0, 3, 2.57
1592423346, 9, 3, 16, 0, 0, 0.05%, 1, 0, 3, 2.57
1592423448, 9, 4, 16, 0, 0, 0.05%, 1, 0, 3, 2.56
1592423544, 9, 5, 16, 0, 0, 0.05%, 1, 0, 3, 2.58
1592423549, 9, 6, 16, 0, 0, 0.05%, 1, 0, 3, 2.59
1592423655, 9, 7, 16, 0, 0, 0.05%, 1, 0, 3, 2.57
1592423752, 9, 8, 16, 0, 0, 0.05%, 1, 0, 3, 2.55
1592423858, 9, 9, 16, 0, 0, 0.05%, 1, 0, 3, 2.58
1592423959, 10, 0, 16, 0, 0, 0.05%, 1, 0, 3, 2.57
1592424055, 10, 1, 16, 0, 0, 0.05%, 1, 0, 3, 2.56
1592424167, 10, 2, 16, 0, 0, 0.05%, 1, 0, 3, 2.58
1592424268, 10, 3, 16, 0, 0, 0.05%, 1, 0, 3, 2.57
1592424374, 10, 4, 16, 0, 0, 0.05%, 1, 0, 3, 2.57
1592424481, 10, 5, 16, 0, 0, 0.05%, 1, 0, 3, 2.56
1592424486, 10, 6, 16, 0, 0, 0.05%, 1, 0, 3, 2.56
1592424593, 10, 7, 16, 0, 0, 0.05%, 1, 0, 3, 2.56
1592424689, 10, 8, 16, 0, 0, 0.05%, 1, 0, 3, 2.57
1592424795, 10, 9, 16, 0, 0, 0.05%, 1, 0, 3, 2.57
1592424897, 11, 0, 16, 0, 0, 0.05%, 1, 0, 3, 2.56
1592425003, 11, 1, 16, 0, 0, 0.05%, 1, 0, 3, 2.57
1592425109, 11, 2, 16, 0, 0, 0.05%, 1, 0, 3, 2.58
1592425211, 11, 3, 16, 0, 0, 0.05%, 1, 0, 3, 2.57
1592425317, 11, 4, 16, 0, 0, 0.05%, 1, 0, 3, 2.56
1592425418, 11, 5, 16, 0, 0, 0.05%, 1, 0, 3, 2.57
1592425424, 11, 6, 16, 0, 0, 0.05%, 1, 0, 3, 2.56
1592425530, 11, 7, 16, 0, 0, 0.05%, 1, 0, 3, 2.57
1592425626, 11, 8, 16, 0, 0, 0.05%, 1, 0, 3, 2.55
1592425735, 11, 9, 16, 0, 0, 0.05%, 1, 0, 3, 2.29
1592425846, 11, 12, 16, 0, 0, 0.05%, 1, 0, 3, 2.43
1592425961, 11, 13, 16, 0, 0, 0.05%, 1, 0, 3, 2.48
1592426072, 12, 0, 16, 0, 0, 0.05%, 1, 0, 3, 2.28
1592426172, 12, 1, 16, 0, 0, 0.05%, 1, 0, 3, 2.45
1592426288, 12, 2, 16, 0, 0, 0.05%, 1, 0, 3, 2.46
1592426393, 12, 3, 16, 0, 0, 0.05%, 1, 0, 3, 2.46
1592426504, 12, 4, 16, 0, 0, 0.05%, 1, 0, 3, 2.45
1592426603, 12, 5, 16, 0, 0, 0.05%, 1, 0, 3, 2.36
1592426609, 12, 6, 16, 0, 0, 0.05%, 1, 0, 3, 2.42
1592426719, 12, 7, 16, 0, 0, 0.05%, 1, 0, 3, 2.47
