# unix_time, cycles_done, cur_path, paths_total, pending_total, pending_favs, map_size, unique_crashes, unique_hangs, max_depth, execs_per_sec
1592514996, 0, 0, 1, 1, 1, 0.02%, 0, 0, 1, 1600.00
1592515002, 6, 1, 4, 0, 0, 0.04%, 0, 0, 2, 3134.22
1592515007, 10, 2, 5, 0, 0, 0.04%, 0, 0, 2, 3299.56
1592515012, 16, 3, 5, 0, 0, 0.04%, 0, 0, 2, 3529.29
1592515017, 22, 1, 5, 0, 0, 0.04%, 0, 0, 2, 3395.01
1592515022, 28, 2, 5, 0, 0, 0.04%, 0, 0, 2, 3461.43
1592515027, 34, 1, 5, 0, 0, 0.04%, 0, 0, 2, 3406.89
1592515032, 39, 4, 5, 0, 0, 0.04%, 0, 0, 2, 3398.29
1592515038, 45, 3, 5, 0, 0, 0.04%, 0, 0, 2, 3399.19
1592515043, 51, 3, 5, 0, 0, 0.04%, 0, 0, 2, 3567.03
1592515048, 57, 2, 5, 0, 0, 0.04%, 0, 0, 2, 3446.15
1592515053, 63, 0, 5, 0, 0, 0.04%, 0, 0, 2, 3358.71
1592515058, 68, 3, 5, 0, 0, 0.04%, 0, 0, 2, 3458.34
1592515063, 74, 3, 5, 0, 0, 0.04%, 0, 0, 2, 3630.97
1592515068, 80, 1, 5, 0, 0, 0.04%, 0, 0, 2, 3374.02
1592515074, 86, 0, 5, 0, 0, 0.04%, 0, 0, 2, 3480.36
1592515079, 91, 4, 5, 0, 0, 0.04%, 0, 0, 2, 3370.39
1592515084, 97, 2, 5, 0, 0, 0.04%, 0, 0, 2, 3393.07
1592515089, 103, 0, 5, 0, 0, 0.04%, 0, 0, 2, 3400.41
1592515094, 108, 4, 5, 0, 0, 0.04%, 0, 0, 2, 3386.23
1592515099, 114, 2, 5, 0, 0, 0.04%, 0, 0, 2, 3438.71
1592515104, 121, 0, 5, 0, 0, 0.04%, 0, 0, 2, 3771.89
1592515110, 127, 3, 5, 0, 0, 0.04%, 0, 0, 2, 3725.42
1592515115, 133, 0, 5, 0, 0, 0.04%, 0, 0, 2, 3260.26
1592515120, 138, 2, 5, 0, 0, 0.04%, 0, 0, 2, 3165.99
1592515125, 143, 4, 5, 0, 0, 0.04%, 0, 0, 2, 3151.24
1592515130, 149, 4, 5, 0, 0, 0.04%, 0, 0, 2, 3652.26
1592515135, 156, 0, 5, 0, 0, 0.04%, 0, 0, 2, 3676.61
1592515141, 163, 0, 5, 0, 0, 0.04%, 0, 0, 2, 4197.75
1592515146, 170, 1, 5, 0, 0, 0.04%, 0, 0, 2, 4227.74
1592515151, 177, 3, 5, 0, 0, 0.04%, 0, 0, 2, 4341.06
1592515156, 185, 0, 5, 0, 0, 0.04%, 0, 0, 2, 4371.44
1592515161, 192, 1, 5, 0, 0, 0.04%, 0, 0, 2, 4373.38
1592515166, 199, 3, 5, 0, 0, 0.04%, 0, 0, 2, 4341.48
1592515171, 207, 0, 5, 0, 0, 0.04%, 0, 0, 2, 4373.37
1592515177, 214, 1, 5, 0, 0, 0.04%, 0, 0, 2, 4292.97
1592515182, 220, 3, 5, 0, 0, 0.04%, 0, 0, 2, 3818.09
1592515187, 227, 4, 5, 0, 0, 0.04%, 0, 0, 2, 4199.81
1592515192, 234, 4, 5, 0, 0, 0.04%, 0, 0, 2, 4240.80
1592515197, 241, 4, 5, 0, 0, 0.04%, 0, 0, 2, 4210.83
1592515202, 249, 1, 5, 0, 0, 0.04%, 0, 0, 2, 4237.23
1592515207, 256, 1, 5, 0, 0, 0.04%, 0, 0, 2, 4220.16
1592515212, 263, 0, 5, 0, 0, 0.04%, 0, 0, 2, 3921.06
1592515218, 269, 4, 5, 0, 0, 0.04%, 0, 0, 2, 4181.17
1592515223, 277, 1, 5, 0, 0, 0.04%, 0, 0, 2, 4274.37
1592515228, 284, 1, 5, 0, 0, 0.04%, 0, 0, 2, 4226.36
1592515233, 291, 3, 5, 0, 0, 0.04%, 0, 0, 2, 4204.97
1592515238, 299, 0, 5, 0, 0, 0.04%, 0, 0, 2, 4370.03
1592515243, 306, 0, 5, 0, 0, 0.04%, 0, 0, 2, 4204.70
1592515248, 312, 1, 5, 0, 0, 0.04%, 0, 0, 2, 3783.16
1592515254, 319, 2, 5, 0, 0, 0.04%, 0, 0, 2, 4269.24
1592515259, 326, 3, 5, 0, 0, 0.04%, 0, 0, 2, 4308.61
1592515264, 333, 4, 5, 0, 0, 0.04%, 0, 0, 2, 4352.67
1592515269, 341, 1, 5, 0, 0, 0.04%, 0, 0, 2, 4368.35
1592515274, 348, 2, 5, 0, 0, 0.04%, 0, 0, 2, 4277.67
1592515279, 355, 4, 5, 0, 0, 0.04%, 0, 0, 2, 4363.84
1592515284, 363, 0, 5, 0, 0, 0.04%, 0, 0, 2, 4369.37
1592515289, 370, 0, 5, 0, 0, 0.04%, 0, 0, 2, 4185.43
1592515295, 377, 2, 5, 0, 0, 0.04%, 0, 0, 2, 4264.99
1592515300, 384, 3, 5, 0, 0, 0.04%, 0, 0, 2, 4222.01
1592515305, 391, 4, 5, 0, 0, 0.04%, 0, 0, 2, 4334.03
1592515310, 399, 1, 5, 0, 0, 0.04%, 0, 0, 2, 4366.41
1592515315, 406, 3, 5, 0, 0, 0.04%, 0, 0, 2, 4303.40
1592515320, 413, 4, 5, 0, 0, 0.04%, 0, 0, 2, 4343.07
1592515325, 420, 4, 5, 0, 0, 0.04%, 0, 0, 2, 4192.63
1592515331, 428, 0, 5, 0, 0, 0.04%, 0, 0, 2, 4215.86
1592515336, 435, 2, 5, 0, 0, 0.04%, 0, 0, 2, 4321.84
1592515341, 442, 4, 5, 0, 0, 0.04%, 0, 0, 2, 4280.73
1592515346, 450, 0, 5, 0, 0, 0.04%, 0, 0, 2, 4362.69
1592515351, 457, 1, 5, 0, 0, 0.04%, 0, 0, 2, 4376.75
1592515356, 464, 4, 5, 0, 0, 0.04%, 0, 0, 2, 4305.51
1592515361, 472, 0, 5, 0, 0, 0.04%, 0, 0, 2, 4326.46
1592515367, 479, 1, 5, 0, 0, 0.04%, 0, 0, 2, 4346.44
1592515372, 485, 1, 5, 0, 0, 0.04%, 0, 0, 2, 3548.70
1592515377, 490, 4, 5, 0, 0, 0.04%, 0, 0, 2, 3374.89
1592515382, 497, 4, 5, 0, 0, 0.04%, 0, 0, 2, 4060.36
1592515387, 504, 1, 5, 0, 0, 0.04%, 0, 0, 2, 3642.88
1592515392, 509, 3, 5, 0, 0, 0.04%, 0, 0, 2, 3240.29
1592515397, 514, 4, 5, 0, 0, 0.04%, 0, 0, 2, 3161.62
1592515403, 520, 3, 5, 0, 0, 0.04%, 0, 0, 2, 3393.92
1592515408, 527, 4, 5, 0, 0, 0.04%, 0, 0, 2, 4156.01
1592515413, 534, 4, 5, 0, 0, 0.04%, 0, 0, 2, 4259.97
1592515418, 541, 4, 5, 0, 0, 0.04%, 0, 0, 2, 4253.31
1592515423, 548, 0, 5, 0, 0, 0.04%, 0, 0, 2, 4354.84
1592515428, 555, 1, 5, 0, 0, 0.04%, 0, 0, 2, 4356.71
1592515433, 562, 2, 5, 0, 0, 0.04%, 0, 0, 2, 4184.05
1592515439, 569, 3, 5, 0, 0, 0.04%, 0, 0, 2, 4215.05
1592515444, 576, 4, 5, 0, 0, 0.04%, 0, 0, 2, 4283.63
1592515449, 584, 1, 5, 0, 0, 0.04%, 0, 0, 2, 4344.47
1592515454, 590, 1, 5, 0, 0, 0.04%, 0, 0, 2, 4445.44
1592515459, 597, 3, 5, 0, 0, 0.04%, 0, 0, 2, 4301.61
1592515464, 605, 0, 5, 0, 0, 0.04%, 0, 0, 2, 4371.30
1592515470, 612, 1, 5, 0, 0, 0.04%, 0, 0, 2, 4288.43
1592515475, 619, 1, 5, 0, 0, 0.04%, 0, 0, 2, 4329.99
1592515480, 625, 2, 5, 0, 0, 0.04%, 0, 0, 2, 3717.63
1592515485, 632, 4, 5, 0, 0, 0.04%, 0, 0, 2, 4107.82
1592515490, 640, 0, 5, 0, 0, 0.04%, 0, 0, 2, 4302.28
1592515495, 647, 1, 5, 0, 0, 0.04%, 0, 0, 2, 4277.70
1592515500, 655, 0, 5, 0, 0, 0.04%, 0, 0, 2, 4363.62
1592515505, 661, 0, 5, 0, 0, 0.04%, 0, 0, 2, 4082.47
1592515510, 668, 0, 5, 0, 0, 0.04%, 0, 0, 2, 4229.16
1592515516, 675, 2, 5, 0, 0, 0.04%, 0, 0, 2, 4306.50
1592515521, 682, 4, 5, 0, 0, 0.04%, 0, 0, 2, 4359.89
1592515526, 688, 1, 5, 0, 0, 0.04%, 0, 0, 2, 3602.04
1592515531, 695, 2, 5, 0, 0, 0.04%, 0, 0, 2, 4162.30
1592515536, 702, 2, 5, 0, 0, 0.04%, 0, 0, 2, 4248.30
1592515541, 709, 4, 5, 0, 0, 0.04%, 0, 0, 2, 4343.18
1592515546, 715, 4, 5, 0, 0, 0.04%, 0, 0, 2, 3935.38
1592515551, 723, 0, 5, 0, 0, 0.04%, 0, 0, 2, 4175.52
1592515557, 730, 0, 5, 0, 0, 0.04%, 0, 0, 2, 4269.00
1592515562, 736, 1, 5, 0, 0, 0.04%, 0, 0, 2, 3466.72
1592515567, 743, 3, 5, 0, 0, 0.04%, 0, 0, 2, 4189.06
1592515572, 750, 3, 5, 0, 0, 0.04%, 0, 0, 2, 4261.86
1592515577, 758, 0, 5, 0, 0, 0.04%, 0, 0, 2, 4251.49
1592515582, 763, 4, 5, 0, 0, 0.04%, 0, 0, 2, 1308.40
1592515587, 770, 3, 5, 0, 0, 0.04%, 0, 0, 2, 3551.80
1592515592, 777, 3, 5, 0, 0, 0.04%, 0, 0, 2, 4043.98
1592515598, 784, 3, 5, 0, 0, 0.04%, 0, 1, 2, 122.74
1592515604, 791, 3, 5, 0, 0, 0.04%, 0, 1, 2, 4008.65
1592515609, 797, 3, 5, 0, 0, 0.04%, 0, 1, 2, 3707.35
1592515614, 804, 2, 5, 0, 0, 0.04%, 0, 1, 2, 3978.11
1592515619, 811, 3, 5, 0, 0, 0.04%, 0, 1, 2, 4200.82
1592515624, 818, 1, 5, 0, 0, 0.04%, 0, 1, 2, 4003.85
1592515629, 824, 1, 5, 0, 0, 0.04%, 0, 1, 2, 4001.31
1592515634, 831, 0, 5, 0, 0, 0.04%, 0, 1, 2, 4041.49
1592515640, 838, 0, 5, 0, 0, 0.04%, 0, 1, 2, 4154.06
1592515645, 845, 1, 5, 0, 0, 0.04%, 0, 1, 2, 4108.95
1592515650, 851, 0, 5, 0, 0, 0.04%, 0, 1, 2, 3335.21
1592515655, 858, 0, 5, 0, 0, 0.04%, 0, 1, 2, 3870.59
1592515660, 863, 3, 5, 0, 0, 0.04%, 0, 1, 2, 3265.49
1592515665, 870, 1, 5, 0, 0, 0.04%, 0, 1, 2, 3789.65
1592515670, 875, 4, 5, 0, 0, 0.04%, 0, 1, 2, 3234.95
1592515676, 882, 1, 5, 0, 0, 0.04%, 0, 1, 2, 3756.61
1592515681, 889, 0, 5, 0, 0, 0.04%, 0, 1, 2, 4061.29
1592515686, 895, 4, 5, 0, 0, 0.04%, 0, 1, 2, 4011.78
1592515691, 901, 4, 5, 0, 0, 0.04%, 0, 1, 2, 2058.53
1592515696, 908, 2, 5, 0, 0, 0.04%, 0, 1, 2, 3648.26
1592515701, 915, 3, 5, 0, 0, 0.04%, 0, 1, 2, 4085.80
1592515706, 922, 2, 5, 0, 0, 0.04%, 0, 1, 2, 4083.54
1592515711, 928, 1, 5, 0, 0, 0.04%, 0, 1, 2, 3815.86
1592515717, 934, 3, 5, 0, 0, 0.04%, 0, 1, 2, 3586.05
1592515722, 939, 2, 5, 0, 0, 0.04%, 0, 1, 2, 3101.19
1592515727, 944, 1, 5, 0, 0, 0.04%, 0, 1, 2, 3016.00
1592515732, 949, 2, 5, 0, 0, 0.04%, 0, 1, 2, 2856.12
1592515737, 956, 2, 5, 0, 0, 0.04%, 0, 1, 2, 3909.87
1592515742, 963, 2, 5, 0, 0, 0.04%, 0, 1, 2, 4093.39
1592515747, 969, 1, 5, 0, 0, 0.04%, 0, 1, 2, 4012.01
1592515752, 975, 4, 5, 0, 0, 0.04%, 0, 1, 2, 4093.78
1592515757, 983, 0, 5, 0, 0, 0.04%, 0, 1, 2, 4106.95
1592515763, 988, 3, 5, 0, 0, 0.04%, 0, 1, 2, 1436.86
1592515768, 995, 2, 5, 0, 0, 0.04%, 0, 1, 2, 3584.10
1592515773, 1001, 4, 5, 0, 0, 0.04%, 0, 1, 2, 3559.82
1592515778, 1007, 0, 5, 0, 0, 0.04%, 0, 1, 2, 3122.63
1592515783, 1010, 5, 6, 0, 0, 0.04%, 0, 1, 2, 3565.58
1592515788, 1015, 1, 6, 0, 0, 0.04%, 0, 1, 2, 3812.14
1592515793, 1019, 4, 6, 0, 0, 0.04%, 0, 1, 2, 3997.39
1592515798, 1023, 1, 6, 0, 0, 0.04%, 0, 1, 2, 3344.75
1592515803, 1027, 5, 6, 0, 0, 0.04%, 0, 1, 2, 3968.59
1592515808, 1031, 5, 6, 0, 0, 0.04%, 0, 1, 2, 3954.47
1592515814, 1036, 2, 6, 0, 0, 0.04%, 0, 1, 2, 789.47
1592515819, 1039, 5, 6, 0, 0, 0.04%, 0, 1, 2, 2930.16
1592515824, 1044, 2, 6, 0, 0, 0.04%, 0, 1, 2, 3780.36
1592515829, 1048, 3, 6, 0, 0, 0.04%, 0, 1, 2, 3568.22
1592515834, 1051, 5, 6, 0, 0, 0.04%, 0, 1, 2, 2705.11
1592515839, 1055, 1, 6, 0, 0, 0.04%, 0, 1, 2, 3020.91
1592515844, 1058, 4, 6, 0, 0, 0.04%, 0, 1, 2, 3020.41
1592515849, 1061, 5, 6, 0, 0, 0.04%, 0, 1, 2, 3260.44
1592515855, 1066, 3, 6, 0, 0, 0.04%, 0, 1, 2, 3889.39
1592515860, 1070, 2, 6, 0, 0, 0.04%, 0, 1, 2, 3410.47
