# unix_time, cycles_done, cur_path, paths_total, pending_total, pending_favs, map_size, unique_crashes, unique_hangs, max_depth, execs_per_sec
1592514983, 0, 0, 1, 1, 1, 0.02%, 0, 0, 1, 2666.67
1592514988, 15, 3, 4, 0, 0, 0.04%, 0, 0, 2, 3669.59
1592514993, 31, 0, 4, 0, 0, 0.04%, 0, 0, 2, 3559.04
1592514999, 46, 3, 4, 0, 0, 0.04%, 0, 0, 2, 3581.30
1592515004, 58, 4, 5, 1, 1, 0.04%, 0, 0, 2, 3578.79
1592515009, 63, 0, 5, 0, 0, 0.04%, 0, 0, 2, 3492.90
1592515014, 67, 3, 5, 0, 0, 0.04%, 0, 0, 2, 3605.62
1592515019, 71, 4, 5, 0, 0, 0.04%, 0, 0, 2, 3675.06
1592515024, 79, 2, 5, 0, 0, 0.04%, 0, 0, 2, 3644.89
1592515029, 88, 1, 5, 0, 0, 0.04%, 0, 0, 2, 3772.75
1592515034, 96, 4, 5, 0, 0, 0.04%, 0, 0, 2, 3573.62
1592515040, 105, 0, 5, 0, 0, 0.04%, 0, 0, 2, 3335.35
1592515045, 113, 4, 5, 0, 0, 0.04%, 0, 0, 2, 3661.64
1592515050, 121, 3, 5, 0, 0, 0.04%, 0, 0, 2, 3367.61
1592515055, 129, 3, 5, 0, 0, 0.04%, 0, 0, 2, 3380.54
1592515060, 137, 4, 5, 0, 0, 0.04%, 0, 0, 2, 3379.49
1592515065, 145, 4, 5, 0, 0, 0.04%, 0, 0, 2, 3401.02
1592515070, 153, 4, 5, 0, 0, 0.04%, 0, 0, 2, 3413.24
1592515076, 162, 4, 5, 0, 0, 0.04%, 0, 0, 2, 3593.64
1592515081, 171, 4, 5, 0, 0, 0.04%, 0, 0, 2, 3731.30
1592515086, 180, 4, 5, 0, 0, 0.04%, 0, 0, 2, 3886.54
1592515091, 189, 0, 5, 0, 0, 0.04%, 0, 0, 2, 3540.84
1592515096, 197, 4, 5, 0, 0, 0.04%, 0, 0, 2, 3508.08
1592515101, 207, 0, 5, 0, 0, 0.04%, 0, 0, 2, 3772.35
1592515107, 216, 2, 5, 0, 0, 0.04%, 0, 0, 2, 3870.87
1592515112, 226, 0, 5, 0, 0, 0.04%, 0, 0, 2, 4025.91
1592515117, 235, 0, 5, 0, 0, 0.04%, 0, 0, 2, 3871.70
1592515122, 245, 0, 5, 0, 0, 0.04%, 0, 0, 2, 4158.59
1592515127, 254, 2, 5, 0, 0, 0.04%, 0, 0, 2, 3845.76
1592515132, 263, 4, 5, 0, 0, 0.04%, 0, 0, 2, 3904.45
1592515137, 273, 1, 5, 0, 0, 0.04%, 0, 0, 2, 4090.72
1592515142, 282, 0, 5, 0, 0, 0.04%, 0, 0, 2, 3785.35
1592515148, 291, 2, 5, 0, 0, 0.04%, 0, 0, 2, 3898.17
1592515153, 301, 1, 5, 0, 0, 0.04%, 0, 0, 2, 4093.69
1592515158, 310, 4, 5, 0, 0, 0.04%, 0, 0, 2, 3974.46
1592515163, 320, 1, 5, 0, 0, 0.04%, 0, 0, 2, 3861.78
1592515168, 329, 4, 5, 0, 0, 0.04%, 0, 0, 2, 4023.46
1592515173, 339, 4, 5, 0, 0, 0.04%, 0, 0, 2, 4041.20
1592515178, 349, 0, 5, 0, 0, 0.04%, 0, 0, 2, 3850.12
1592515183, 358, 0, 5, 0, 0, 0.04%, 0, 0, 2, 3616.00
1592515189, 365, 2, 5, 0, 0, 0.04%, 0, 0, 2, 3210.46
1592515194, 373, 0, 5, 0, 0, 0.04%, 0, 0, 2, 3128.85
1592515199, 382, 1, 5, 0, 0, 0.04%, 0, 0, 2, 3677.77
1592515204, 390, 0, 5, 0, 0, 0.04%, 0, 0, 2, 3237.96
1592515209, 397, 1, 5, 0, 0, 0.04%, 0, 0, 2, 3132.21
1592515214, 404, 3, 5, 0, 0, 0.04%, 0, 0, 2, 3114.30
1592515219, 411, 4, 5, 0, 0, 0.04%, 0, 0, 2, 3107.14
1592515224, 419, 0, 5, 0, 0, 0.04%, 0, 0, 2, 3105.44
1592515229, 426, 3, 5, 0, 0, 0.04%, 0, 0, 2, 3107.45
1592515234, 433, 3, 5, 0, 0, 0.04%, 0, 0, 2, 3106.18
1592515240, 441, 2, 5, 0, 0, 0.04%, 0, 0, 2, 3109.30
1592515245, 448, 4, 5, 0, 0, 0.04%, 0, 0, 2, 3106.37
1592515250, 457, 3, 5, 0, 0, 0.04%, 0, 0, 2, 3642.82
1592515255, 466, 4, 5, 0, 0, 0.04%, 0, 0, 2, 3928.73
1592515260, 476, 3, 5, 0, 0, 0.04%, 0, 0, 2, 3981.75
1592515265, 485, 4, 5, 0, 0, 0.04%, 0, 0, 2, 3801.49
1592515270, 495, 4, 5, 0, 0, 0.04%, 0, 0, 2, 4200.73
1592515275, 505, 3, 5, 0, 0, 0.04%, 0, 0, 2, 3911.91
1592515280, 513, 3, 5, 0, 0, 0.04%, 0, 0, 2, 3598.04
1592515286, 522, 4, 5, 0, 0, 0.04%, 0, 0, 2, 3937.18
1592515291, 532, 2, 5, 0, 0, 0.04%, 0, 0, 2, 3826.74
1592515296, 541, 4, 5, 0, 0, 0.04%, 0, 0, 2, 3965.23
1592515301, 552, 1, 5, 0, 0, 0.04%, 0, 0, 2, 4244.63
1592515306, 562, 3, 5, 0, 0, 0.04%, 0, 0, 2, 4308.40
1592515311, 571, 4, 5, 0, 0, 0.04%, 0, 0, 2, 4094.48
1592515317, 580, 1, 5, 0, 0, 0.04%, 0, 0, 2, 3518.42
1592515322, 587, 3, 5, 0, 0, 0.04%, 0, 0, 2, 3195.44
1592515327, 594, 3, 5, 0, 0, 0.04%, 0, 0, 2, 3118.87
1592515332, 601, 4, 5, 0, 0, 0.04%, 0, 0, 2, 3115.57
1592515337, 609, 3, 5, 0, 0, 0.04%, 0, 0, 2, 3109.15
1592515342, 616, 4, 5, 0, 0, 0.04%, 0, 0, 2, 3111.97
1592515347, 624, 0, 5, 0, 0, 0.04%, 0, 0, 2, 3106.06
1592515352, 631, 4, 5, 0, 0, 0.04%, 0, 0, 2, 3112.34
1592515357, 639, 0, 5, 0, 0, 0.04%, 0, 0, 2, 3106.50
1592515362, 646, 3, 5, 0, 0, 0.04%, 0, 0, 2, 3106.08
1592515367, 653, 4, 5, 0, 0, 0.04%, 0, 0, 2, 3107.75
1592515372, 663, 3, 5, 0, 0, 0.04%, 0, 0, 2, 4081.78
1592515378, 673, 2, 5, 0, 0, 0.04%, 0, 0, 2, 4119.13
1592515383, 683, 0, 5, 0, 0, 0.04%, 0, 0, 2, 4123.73
1592515388, 692, 3, 5, 0, 0, 0.04%, 0, 0, 2, 4117.77
1592515393, 702, 2, 5, 0, 0, 0.04%, 0, 0, 2, 4061.91
1592515398, 712, 3, 5, 0, 0, 0.04%, 0, 0, 2, 4157.55
1592515403, 721, 4, 5, 0, 0, 0.04%, 0, 0, 2, 3983.95
1592515408, 730, 4, 5, 0, 0, 0.04%, 0, 0, 2, 3857.43
1592515414, 739, 2, 5, 0, 0, 0.04%, 0, 0, 2, 3444.91
1592515419, 746, 4, 5, 0, 0, 0.04%, 0, 0, 2, 3178.65
1592515424, 752, 4, 5, 0, 0, 0.04%, 0, 0, 2, 2760.89
1592515429, 760, 0, 5, 0, 0, 0.04%, 0, 0, 2, 3035.36
1592515434, 767, 4, 5, 0, 0, 0.04%, 0, 0, 2, 3095.00
1592515439, 775, 2, 5, 0, 0, 0.04%, 0, 0, 2, 3108.12
1592515444, 782, 4, 5, 0, 0, 0.04%, 0, 0, 2, 3107.69
1592515449, 790, 3, 5, 0, 0, 0.04%, 0, 0, 2, 3111.76
1592515455, 796, 4, 5, 0, 0, 0.04%, 0, 0, 2, 2780.67
1592515460, 804, 1, 5, 0, 0, 0.04%, 0, 0, 2, 3047.67
1592515465, 811, 2, 5, 0, 0, 0.04%, 0, 0, 2, 3096.08
1592515470, 818, 4, 5, 0, 0, 0.04%, 0, 0, 2, 3107.39
1592515475, 826, 0, 5, 0, 0, 0.04%, 0, 0, 2, 3109.60
1592515480, 832, 2, 5, 0, 0, 0.04%, 0, 0, 2, 2711.22
1592515485, 841, 4, 5, 0, 0, 0.04%, 0, 0, 2, 3762.35
1592515490, 851, 1, 5, 0, 0, 0.04%, 0, 0, 2, 3962.39
1592515495, 860, 4, 5, 0, 0, 0.04%, 0, 0, 2, 3968.22
1592515501, 870, 1, 5, 0, 0, 0.04%, 0, 0, 2, 3845.03
1592515506, 877, 4, 5, 0, 0, 0.04%, 0, 0, 2, 3788.87
1592515511, 886, 4, 5, 0, 0, 0.04%, 0, 0, 2, 3746.55
1592515516, 895, 0, 5, 0, 0, 0.04%, 0, 0, 2, 3539.42
1592515521, 903, 4, 5, 0, 0, 0.04%, 0, 0, 2, 3690.12
1592515526, 912, 1, 5, 0, 0, 0.04%, 0, 0, 2, 3744.04
1592515531, 921, 0, 5, 0, 0, 0.04%, 0, 0, 2, 3732.09
1592515536, 928, 3, 5, 0, 0, 0.04%, 0, 0, 2, 3244.60
1592515542, 936, 0, 5, 0, 0, 0.04%, 0, 0, 2, 3133.78
1592515547, 942, 2, 5, 0, 0, 0.04%, 0, 0, 2, 2860.56
1592515552, 950, 0, 5, 0, 0, 0.04%, 0, 0, 2, 3058.68
1592515557, 957, 1, 5, 0, 0, 0.04%, 0, 0, 2, 3101.63
1592515562, 963, 3, 5, 0, 0, 0.04%, 0, 0, 2, 2561.82
1592515567, 971, 1, 5, 0, 0, 0.04%, 0, 0, 2, 3002.74
1592515572, 978, 4, 5, 0, 0, 0.04%, 0, 0, 2, 3086.76
1592515578, 986, 2, 5, 0, 0, 0.04%, 0, 0, 2, 3100.77
1592515583, 992, 3, 5, 0, 0, 0.04%, 0, 0, 2, 2688.88
1592515588, 998, 1, 5, 0, 0, 0.04%, 0, 1, 2, 2867.60
1592515593, 1005, 2, 5, 0, 0, 0.04%, 0, 1, 2, 3003.85
1592515598, 1012, 3, 5, 0, 0, 0.04%, 0, 1, 2, 2991.48
1592515603, 1019, 4, 5, 0, 0, 0.04%, 0, 1, 2, 2949.19
1592515608, 1025, 3, 5, 0, 0, 0.04%, 0, 1, 2, 2615.07
1592515614, 1032, 3, 5, 0, 0, 0.04%, 0, 1, 2, 2901.64
1592515619, 1039, 3, 5, 0, 0, 0.04%, 0, 1, 2, 2959.45
1592515624, 1046, 4, 5, 0, 0, 0.04%, 0, 1, 2, 2997.91
1592515629, 1052, 4, 5, 0, 0, 0.04%, 0, 1, 2, 1432.79
1592515634, 1061, 0, 5, 0, 0, 0.04%, 0, 1, 2, 3109.04
1592515639, 1070, 0, 5, 0, 0, 0.04%, 0, 1, 2, 3482.53
1592515645, 1079, 0, 5, 0, 0, 0.04%, 0, 1, 2, 3751.44
1592515650, 1086, 2, 5, 0, 0, 0.04%, 0, 1, 2, 655.40
1592515655, 1094, 3, 5, 0, 0, 0.04%, 0, 1, 2, 3435.76
1592515660, 1103, 0, 5, 0, 0, 0.04%, 0, 1, 2, 3591.30
1592515665, 1112, 1, 5, 0, 0, 0.04%, 0, 1, 2, 3750.91
1592515670, 1120, 3, 5, 0, 0, 0.04%, 0, 1, 2, 3428.89
1592515675, 1129, 4, 5, 0, 0, 0.04%, 0, 1, 2, 3703.50
1592515681, 1139, 0, 5, 0, 0, 0.04%, 0, 1, 2, 3869.68
1592515686, 1148, 1, 5, 0, 0, 0.04%, 0, 1, 2, 3756.08
1592515691, 1155, 0, 5, 0, 0, 0.04%, 0, 1, 2, 4221.26
1592515696, 1163, 3, 5, 0, 0, 0.04%, 0, 1, 2, 3661.08
1592515701, 1172, 1, 5, 0, 0, 0.04%, 0, 1, 2, 3567.91
1592515706, 1181, 3, 5, 0, 0, 0.04%, 0, 1, 2, 3747.28
1592515711, 1188, 4, 5, 0, 0, 0.04%, 0, 1, 2, 3980.72
1592515716, 1197, 0, 5, 0, 0, 0.04%, 0, 1, 2, 3678.33
1592515721, 1206, 3, 5, 0, 0, 0.04%, 0, 1, 2, 3782.17
1592515727, 1215, 4, 5, 0, 0, 0.04%, 0, 1, 2, 3760.24
1592515732, 1223, 1, 5, 0, 0, 0.04%, 0, 1, 2, 3460.39
1592515737, 1232, 3, 5, 0, 0, 0.04%, 0, 1, 2, 3800.90
1592515742, 1242, 1, 5, 0, 0, 0.04%, 0, 1, 2, 3962.58
1592515747, 1250, 0, 5, 0, 0, 0.04%, 0, 1, 2, 4230.73
1592515752, 1259, 0, 5, 0, 0, 0.04%, 0, 1, 2, 3800.68
1592515757, 1268, 0, 5, 0, 0, 0.04%, 0, 1, 2, 3885.54
1592515763, 1275, 3, 5, 0, 0, 0.04%, 0, 1, 2, 3252.91
1592515768, 1284, 2, 5, 0, 0, 0.04%, 0, 1, 2, 3461.93
1592515773, 1292, 3, 5, 0, 0, 0.04%, 0, 1, 2, 3556.79
1592515778, 1302, 0, 5, 0, 0, 0.04%, 0, 1, 2, 3904.07
1592515783, 1305, 5, 6, 0, 0, 0.04%, 0, 1, 2, 2724.36
1592515788, 1309, 4, 6, 0, 0, 0.04%, 0, 1, 2, 3671.67
1592515794, 1312, 5, 6, 0, 0, 0.04%, 0, 1, 2, 3592.63
1592515799, 1315, 5, 6, 0, 0, 0.04%, 0, 1, 2, 1489.36
1592515804, 1318, 5, 6, 0, 0, 0.04%, 0, 1, 2, 2715.69
1592515809, 1321, 5, 6, 0, 0, 0.04%, 0, 1, 2, 2942.36
1592515814, 1324, 3, 6, 0, 0, 0.04%, 0, 1, 2, 2614.87
1592515819, 1326, 5, 6, 0, 0, 0.04%, 0, 1, 2, 2864.46
1592515824, 1329, 5, 6, 0, 0, 0.04%, 0, 1, 2, 2974.21
1592515829, 1332, 5, 6, 0, 0, 0.04%, 0, 1, 2, 2990.30
1592515834, 1335, 5, 6, 0, 0, 0.04%, 0, 1, 2, 3420.81
1592515839, 1339, 5, 6, 0, 0, 0.04%, 0, 1, 2, 3933.38
1592515844, 1343, 2, 6, 0, 0, 0.04%, 0, 1, 2, 3815.74
1592515849, 1345, 5, 6, 0, 0, 0.04%, 0, 1, 2, 2479.87
1592515854, 1349, 4, 6, 0, 0, 0.04%, 0, 1, 2, 3376.50
1592515859, 1352, 5, 6, 0, 0, 0.04%, 0, 1, 2, 3583.97
1592515864, 1356, 2, 6, 0, 0, 0.04%, 0, 1, 2, 3701.49
