# unix_time, cycles_done, cur_path, paths_total, pending_total, pending_favs, map_size, unique_crashes, unique_hangs, max_depth, execs_per_sec
1592435353, 0, 0, 1, 1, 1, 0.02%, 0, 0, 1, 3.13
1592435378, 0, 0, 2, 2, 1, 0.02%, 0, 0, 2, 2.58
1592435383, 0, 0, 4, 4, 1, 0.02%, 0, 0, 2, 2.57
1592435389, 0, 0, 5, 5, 1, 0.04%, 0, 0, 2, 2.54
1592435394, 0, 0, 6, 6, 1, 0.04%, 0, 0, 2, 2.53
1592435399, 0, 0, 8, 8, 1, 0.04%, 0, 0, 2, 2.54
1592435409, 0, 0, 9, 9, 1, 0.05%, 0, 0, 2, 2.56
1592435424, 0, 0, 10, 10, 1, 0.05%, 0, 0, 2, 2.57
1592435451, 0, 0, 11, 11, 1, 0.05%, 0, 0, 2, 2.62
1592435539, 0, 0, 12, 12, 1, 0.05%, 0, 0, 2, 2.61
1592435809, 0, 0, 12, 11, 0, 0.05%, 0, 0, 2, 2.63
1592435820, 0, 1, 12, 11, 10, 0.05%, 0, 0, 2, 2.62
1592435924, 0, 2, 12, 10, 9, 0.05%, 0, 0, 2, 2.63
1592436022, 0, 3, 12, 9, 8, 0.05%, 0, 0, 2, 2.59
1592436127, 0, 4, 12, 8, 7, 0.05%, 0, 0, 2, 2.57
1592436242, 0, 5, 12, 7, 6, 0.05%, 0, 0, 2, 2.59
1592436360, 0, 6, 12, 6, 5, 0.05%, 0, 0, 2, 2.58
1592436464, 0, 7, 12, 5, 4, 0.05%, 0, 0, 2, 2.65
1592436578, 0, 8, 12, 4, 3, 0.05%, 0, 0, 2, 2.62
1592436680, 0, 9, 12, 3, 2, 0.05%, 0, 0, 2, 2.62
1592436799, 0, 10, 12, 2, 1, 0.05%, 0, 0, 2, 2.58
1592436914, 0, 10, 13, 2, 0, 0.05%, 0, 0, 2, 2.59
1592436919, 0, 10, 14, 3, 0, 0.05%, 0, 0, 2, 2.56
1592436924, 1, 1, 14, 3, 0, 0.05%, 0, 0, 2, 2.55
1592437028, 1, 2, 14, 3, 0, 0.05%, 0, 0, 2, 2.62
1592437126, 1, 3, 14, 3, 0, 0.05%, 0, 0, 2, 2.60
1592437225, 1, 4, 14, 3, 0, 0.05%, 0, 0, 2, 2.59
1592437334, 1, 5, 14, 3, 0, 0.05%, 0, 0, 2, 2.57
1592437442, 1, 6, 14, 3, 0, 0.05%, 0, 0, 2, 2.60
1592437540, 1, 7, 14, 3, 0, 0.05%, 0, 0, 2, 2.61
1592437643, 1, 8, 14, 3, 0, 0.05%, 0, 0, 2, 2.58
1592437746, 1, 9, 14, 3, 0, 0.05%, 0, 0, 2, 2.60
1592437854, 1, 10, 14, 3, 0, 0.05%, 0, 0, 2, 2.61
1592437957, 1, 12, 15, 4, 0, 0.05%, 0, 0, 2, 2.58
1592438096, 1, 14, 15, 3, 0, 0.05%, 0, 0, 2, 2.61
1592438295, 2, 1, 15, 2, 0, 0.05%, 0, 0, 2, 2.61
1592438397, 2, 2, 15, 2, 0, 0.05%, 0, 0, 2, 2.61
1592438492, 2, 3, 15, 2, 0, 0.05%, 0, 0, 2, 2.60
1592438596, 2, 3, 16, 3, 0, 0.05%, 0, 0, 2, 2.59
1592438601, 2, 4, 16, 3, 0, 0.05%, 0, 0, 2, 2.57
1592438662, 2, 4, 17, 4, 0, 0.05%, 0, 0, 3, 2.59
1592438715, 2, 5, 17, 4, 0, 0.05%, 0, 0, 3, 2.62
1592438823, 2, 6, 17, 4, 0, 0.05%, 0, 0, 3, 2.62
1592438926, 2, 7, 17, 4, 0, 0.05%, 0, 0, 3, 2.60
1592439024, 2, 8, 17, 4, 0, 0.05%, 0, 0, 3, 2.61
1592439127, 2, 9, 17, 4, 0, 0.05%, 0, 0, 3, 2.59
1592439235, 2, 10, 17, 4, 0, 0.05%, 0, 0, 3, 2.61
1592439336, 2, 15, 17, 4, 0, 0.05%, 0, 0, 3, 2.64
1592439725, 2, 16, 17, 3, 0, 0.05%, 0, 0, 3, 2.58
1592440193, 3, 1, 17, 2, 0, 0.05%, 0, 0, 3, 2.63
1592440295, 3, 2, 17, 2, 0, 0.05%, 0, 0, 3, 2.58
1592440394, 3, 3, 17, 2, 0, 0.05%, 0, 0, 3, 2.63
1592440493, 3, 4, 17, 2, 0, 0.05%, 0, 0, 3, 2.59
1592440600, 3, 5, 17, 2, 0, 0.05%, 0, 0, 3, 2.59
1592440709, 3, 6, 17, 2, 0, 0.05%, 0, 0, 3, 2.57
1592440812, 3, 7, 17, 2, 0, 0.05%, 0, 0, 3, 2.60
1592440912, 3, 8, 17, 2, 0, 0.05%, 0, 0, 3, 2.62
1592441026, 3, 9, 17, 2, 0, 0.05%, 0, 0, 3, 2.36
1592441144, 3, 10, 17, 2, 0, 0.05%, 0, 0, 3, 2.38
1592441256, 3, 11, 17, 2, 0, 0.05%, 0, 0, 3, 2.34
1592441390, 4, 1, 17, 1, 0, 0.05%, 0, 0, 3, 2.35
1592441507, 4, 2, 17, 1, 0, 0.05%, 0, 0, 3, 2.37
1592441610, 4, 3, 17, 1, 0, 0.05%, 0, 0, 3, 2.36
1592441723, 4, 4, 17, 1, 0, 0.05%, 0, 0, 3, 2.36
1592441840, 4, 5, 17, 1, 0, 0.05%, 0, 0, 3, 2.38
1592441959, 4, 6, 17, 1, 0, 0.05%, 0, 0, 3, 2.39
1592442071, 4, 7, 17, 1, 0, 0.05%, 0, 0, 3, 2.39
1592442184, 4, 8, 17, 1, 0, 0.05%, 0, 0, 3, 2.40
1592442292, 4, 9, 17, 1, 0, 0.05%, 0, 0, 3, 2.58
1592442405, 4, 10, 17, 1, 0, 0.05%, 0, 0, 3, 2.36
