# unix_time, cycles_done, cur_path, paths_total, pending_total, pending_favs, map_size, unique_crashes, unique_hangs, max_depth, execs_per_sec
1592417352, 0, 0, 1, 1, 1, 0.02%, 0, 0, 1, 2.59
1592417393, 0, 0, 2, 2, 1, 0.02%, 0, 0, 2, 2.56
1592417408, 0, 0, 3, 3, 1, 0.02%, 0, 0, 2, 2.56
1592417413, 0, 0, 4, 4, 1, 0.04%, 0, 0, 2, 2.56
1592417474, 0, 0, 5, 5, 1, 0.04%, 0, 0, 2, 2.56
1592417500, 0, 0, 6, 6, 1, 0.04%, 0, 0, 2, 2.55
1592417515, 0, 0, 7, 7, 1, 0.04%, 0, 0, 2, 2.59
1592418445, 0, 0, 8, 8, 1, 0.05%, 0, 0, 2, 2.56
1592420864, 0, 0, 9, 9, 1, 0.05%, 0, 0, 2, 2.55
1592420935, 0, 0, 10, 10, 1, 0.05%, 0, 0, 2, 2.56
1592420970, 0, 0, 10, 10, 1, 0.05%, 1, 0, 2, 2.55
1592421026, 0, 0, 12, 11, 0, 0.05%, 1, 0, 2, 2.57
1592421031, 0, 0, 13, 12, 0, 0.05%, 1, 0, 2, 2.55
1592421036, 0, 0, 14, 13, 0, 0.05%, 1, 0, 2, 2.54
1592421041, 0, 0, 15, 14, 0, 0.05%, 1, 0, 2, 2.54
1592421046, 0, 0, 16, 15, 0, 0.05%, 1, 0, 2, 2.54
1592421062, 0, 1, 16, 15, 9, 0.05%, 1, 0, 2, 2.55
1592424563, 0, 2, 16, 14, 8, 0.05%, 1, 0, 2, 2.56
