# unix_time, cycles_done, cur_path, paths_total, pending_total, pending_favs, map_size, unique_crashes, unique_hangs, max_depth, execs_per_sec
1592514971, 0, 0, 1, 1, 1, 0.02%, 0, 0, 1, 2666.67
1592514977, 11, 2, 4, 0, 0, 0.04%, 0, 0, 3, 3960.48
1592514982, 30, 1, 4, 0, 0, 0.04%, 0, 0, 3, 4278.73
1592514987, 47, 0, 4, 0, 0, 0.04%, 0, 0, 3, 4083.74
1592514992, 63, 3, 4, 0, 0, 0.04%, 0, 0, 3, 3961.24
1592514997, 79, 0, 4, 0, 0, 0.04%, 0, 0, 3, 3690.77
1592515002, 94, 1, 4, 0, 0, 0.04%, 0, 0, 3, 3559.07
1592515008, 99, 3, 5, 0, 0, 0.04%, 0, 0, 3, 3664.92
1592515013, 103, 4, 5, 0, 0, 0.04%, 0, 0, 3, 3503.47
1592515018, 107, 4, 5, 0, 0, 0.04%, 0, 0, 3, 3292.03
1592515023, 111, 4, 5, 0, 0, 0.04%, 0, 0, 3, 3665.73
1592515028, 115, 4, 5, 0, 0, 0.04%, 0, 0, 3, 3484.12
1592515033, 119, 4, 5, 0, 0, 0.04%, 0, 0, 3, 3599.52
1592515038, 128, 1, 5, 0, 0, 0.04%, 0, 0, 3, 3603.10
1592515043, 136, 3, 5, 0, 0, 0.04%, 0, 0, 3, 3486.03
1592515049, 145, 3, 5, 0, 0, 0.04%, 0, 0, 3, 3711.52
1592515054, 155, 0, 5, 0, 0, 0.04%, 0, 0, 3, 4043.83
1592515059, 164, 1, 5, 0, 0, 0.04%, 0, 0, 3, 3900.00
1592515064, 174, 0, 5, 0, 0, 0.04%, 0, 0, 3, 4059.27
1592515069, 182, 4, 5, 0, 0, 0.04%, 0, 0, 3, 3784.90
1592515074, 191, 0, 5, 0, 0, 0.04%, 0, 0, 3, 3534.28
1592515079, 199, 3, 5, 0, 0, 0.04%, 0, 0, 3, 3562.42
1592515085, 208, 4, 5, 0, 0, 0.04%, 0, 0, 3, 3751.68
1592515090, 217, 1, 5, 0, 0, 0.04%, 0, 0, 3, 3466.28
1592515095, 225, 4, 5, 0, 0, 0.04%, 0, 0, 3, 3508.77
1592515100, 234, 4, 5, 0, 0, 0.04%, 0, 0, 3, 3713.61
1592515105, 244, 1, 5, 0, 0, 0.04%, 0, 0, 3, 3870.96
1592515110, 253, 4, 5, 0, 0, 0.04%, 0, 0, 3, 3890.48
1592515116, 263, 2, 5, 0, 0, 0.04%, 0, 0, 3, 3969.06
1592515121, 273, 3, 5, 0, 0, 0.04%, 0, 0, 3, 4086.00
1592515126, 283, 1, 5, 0, 0, 0.04%, 0, 0, 3, 4170.47
1592515131, 292, 4, 5, 0, 0, 0.04%, 0, 0, 3, 4073.43
1592515136, 303, 0, 5, 0, 0, 0.04%, 0, 0, 3, 4246.09
1592515141, 312, 4, 5, 0, 0, 0.04%, 0, 0, 3, 4165.54
1592515146, 322, 4, 5, 0, 0, 0.04%, 0, 0, 3, 4122.16
1592515152, 331, 4, 5, 0, 0, 0.04%, 0, 0, 3, 3753.14
1592515157, 341, 2, 5, 0, 0, 0.04%, 0, 0, 3, 3923.78
1592515162, 351, 0, 5, 0, 0, 0.04%, 0, 0, 3, 4071.76
1592515167, 360, 4, 5, 0, 0, 0.04%, 0, 0, 3, 4070.08
1592515172, 369, 0, 5, 0, 0, 0.04%, 0, 0, 3, 3625.94
1592515177, 379, 2, 5, 0, 0, 0.04%, 0, 0, 3, 4150.81
1592515182, 389, 0, 5, 0, 0, 0.04%, 0, 0, 3, 4065.59
1592515187, 398, 0, 5, 0, 0, 0.04%, 0, 0, 3, 3815.44
1592515193, 407, 4, 5, 0, 0, 0.04%, 0, 0, 3, 3983.11
1592515198, 417, 2, 5, 0, 0, 0.04%, 0, 0, 3, 4064.79
1592515203, 426, 2, 5, 0, 0, 0.04%, 0, 0, 3, 3754.14
1592515208, 436, 0, 5, 0, 0, 0.04%, 0, 0, 3, 3883.40
1592515213, 445, 4, 5, 0, 0, 0.04%, 0, 0, 3, 4116.83
1592515218, 455, 3, 5, 0, 0, 0.04%, 0, 0, 3, 3808.15
1592515224, 465, 2, 5, 0, 0, 0.04%, 0, 0, 3, 4019.20
1592515229, 474, 4, 5, 0, 0, 0.04%, 0, 0, 3, 3832.24
1592515234, 484, 3, 5, 0, 0, 0.04%, 0, 0, 3, 3855.14
1592515239, 493, 1, 5, 0, 0, 0.04%, 0, 0, 3, 3779.79
1592515244, 502, 4, 5, 0, 0, 0.04%, 0, 0, 3, 4056.32
1592515249, 512, 1, 5, 0, 0, 0.04%, 0, 0, 3, 3905.83
1592515255, 521, 4, 5, 0, 0, 0.04%, 0, 0, 3, 3853.88
1592515260, 531, 3, 5, 0, 0, 0.04%, 0, 0, 3, 3970.91
1592515265, 541, 1, 5, 0, 0, 0.04%, 0, 0, 3, 4081.36
1592515270, 550, 3, 5, 0, 0, 0.04%, 0, 0, 3, 3746.72
1592515275, 560, 2, 5, 0, 0, 0.04%, 0, 0, 3, 4030.54
1592515280, 570, 2, 5, 0, 0, 0.04%, 0, 0, 3, 4316.26
1592515285, 580, 1, 5, 0, 0, 0.04%, 0, 0, 3, 4044.72
1592515290, 588, 1, 5, 0, 0, 0.04%, 0, 0, 3, 3465.45
1592515295, 595, 4, 5, 0, 0, 0.04%, 0, 0, 3, 3217.46
1592515301, 604, 1, 5, 0, 0, 0.04%, 0, 0, 3, 3393.50
1592515306, 613, 0, 5, 0, 0, 0.04%, 0, 0, 3, 3580.33
1592515311, 622, 2, 5, 0, 0, 0.04%, 0, 0, 3, 3894.53
1592515316, 631, 3, 5, 0, 0, 0.04%, 0, 0, 3, 3967.87
1592515321, 640, 3, 5, 0, 0, 0.04%, 0, 0, 3, 3742.11
1592515326, 650, 4, 5, 0, 0, 0.04%, 0, 0, 3, 4336.54
1592515331, 659, 4, 5, 0, 0, 0.04%, 0, 0, 3, 3869.81
1592515336, 669, 1, 5, 0, 0, 0.04%, 0, 0, 3, 4025.77
1592515342, 678, 3, 5, 0, 0, 0.04%, 0, 0, 3, 4009.45
1592515347, 688, 3, 5, 0, 0, 0.04%, 0, 0, 3, 4272.44
1592515352, 698, 3, 5, 0, 0, 0.04%, 0, 0, 3, 4196.02
1592515357, 707, 1, 5, 0, 0, 0.04%, 0, 0, 3, 3831.43
1592515362, 716, 1, 5, 0, 0, 0.04%, 0, 0, 3, 3715.66
1592515367, 725, 2, 5, 0, 0, 0.04%, 0, 0, 3, 3876.17
1592515372, 733, 4, 5, 0, 0, 0.04%, 0, 0, 3, 3615.57
1592515378, 742, 4, 5, 0, 0, 0.04%, 0, 0, 3, 3663.00
1592515383, 750, 1, 5, 0, 0, 0.04%, 0, 0, 3, 3257.76
1592515388, 759, 0, 5, 0, 0, 0.04%, 0, 0, 3, 3665.80
1592515393, 768, 1, 5, 0, 0, 0.04%, 0, 0, 3, 3822.74
1592515398, 778, 0, 5, 0, 0, 0.04%, 0, 0, 3, 4082.37
1592515403, 787, 1, 5, 0, 0, 0.04%, 0, 0, 3, 3626.03
1592515409, 794, 4, 5, 0, 0, 0.04%, 0, 0, 3, 3252.01
1592515414, 803, 4, 5, 0, 0, 0.04%, 0, 0, 3, 3671.40
1592515419, 813, 4, 5, 0, 0, 0.04%, 0, 0, 3, 4205.80
1592515424, 821, 4, 5, 0, 0, 0.04%, 0, 0, 3, 4364.93
1592515429, 831, 0, 5, 0, 0, 0.04%, 0, 0, 3, 3856.03
1592515434, 840, 4, 5, 0, 0, 0.04%, 0, 0, 3, 3979.20
1592515439, 850, 3, 5, 0, 0, 0.04%, 0, 0, 3, 4146.20
1592515444, 860, 2, 5, 0, 0, 0.04%, 0, 0, 3, 4146.71
1592515449, 869, 2, 5, 0, 0, 0.04%, 0, 0, 3, 3785.61
1592515454, 877, 4, 5, 0, 0, 0.04%, 0, 0, 3, 3804.92
1592515460, 886, 2, 5, 0, 0, 0.04%, 0, 0, 3, 3677.10
1592515465, 895, 2, 5, 0, 0, 0.04%, 0, 0, 3, 3808.52
1592515470, 904, 4, 5, 0, 0, 0.04%, 0, 0, 3, 3931.51
1592515475, 914, 2, 5, 0, 0, 0.04%, 0, 0, 3, 3920.92
1592515480, 922, 4, 5, 0, 0, 0.04%, 0, 0, 3, 1836.88
1592515485, 930, 2, 5, 0, 0, 0.04%, 0, 0, 3, 2898.44
1592515490, 937, 4, 5, 0, 0, 0.04%, 0, 0, 3, 3106.52
1592515496, 945, 0, 5, 0, 0, 0.04%, 0, 0, 3, 3166.29
1592515501, 952, 2, 5, 0, 0, 0.04%, 0, 0, 3, 3147.68
1592515506, 958, 4, 5, 0, 0, 0.04%, 0, 0, 3, 2470.80
1592515511, 966, 3, 5, 0, 0, 0.04%, 0, 0, 3, 3024.30
1592515516, 974, 1, 5, 0, 0, 0.04%, 0, 0, 3, 3131.36
1592515521, 981, 4, 5, 0, 0, 0.04%, 0, 0, 3, 3155.80
1592515526, 987, 4, 5, 0, 0, 0.04%, 0, 0, 3, 2860.46
1592515532, 995, 3, 5, 0, 0, 0.04%, 0, 0, 3, 3105.01
1592515537, 1004, 2, 5, 0, 0, 0.04%, 0, 0, 3, 3628.89
1592515542, 1013, 4, 5, 0, 0, 0.04%, 0, 0, 3, 3875.35
1592515547, 1021, 1, 5, 0, 0, 0.04%, 0, 0, 3, 4216.24
1592515552, 1030, 4, 5, 0, 0, 0.04%, 0, 0, 3, 3997.14
1592515557, 1040, 4, 5, 0, 0, 0.04%, 0, 0, 3, 4108.63
1592515562, 1048, 2, 5, 0, 0, 0.04%, 0, 0, 3, 1438.06
1592515568, 1057, 4, 5, 0, 0, 0.04%, 0, 0, 3, 3680.83
1592515573, 1067, 4, 5, 0, 0, 0.04%, 0, 0, 3, 3880.00
1592515578, 1076, 3, 5, 0, 0, 0.04%, 0, 0, 3, 3812.73
1592515583, 1084, 4, 5, 0, 0, 0.04%, 0, 0, 3, 4439.21
1592515588, 1094, 4, 5, 0, 0, 0.04%, 0, 0, 3, 4209.19
1592515593, 1104, 3, 5, 0, 0, 0.04%, 0, 0, 3, 4126.37
1592515598, 1113, 2, 5, 0, 0, 0.04%, 0, 0, 3, 3815.45
1592515603, 1122, 4, 5, 0, 0, 0.04%, 0, 0, 3, 3885.44
1592515609, 1130, 1, 5, 0, 0, 0.04%, 0, 0, 3, 3688.16
1592515614, 1139, 2, 5, 0, 0, 0.04%, 0, 0, 3, 3655.63
1592515619, 1148, 1, 5, 0, 0, 0.04%, 0, 0, 3, 3653.56
1592515624, 1157, 2, 5, 0, 0, 0.04%, 0, 0, 3, 3765.88
1592515629, 1165, 1, 5, 0, 0, 0.04%, 0, 0, 3, 3500.64
1592515634, 1173, 0, 5, 0, 0, 0.04%, 0, 0, 3, 3238.82
1592515640, 1180, 1, 5, 0, 0, 0.04%, 0, 0, 3, 3067.98
1592515645, 1188, 2, 5, 0, 0, 0.04%, 0, 0, 3, 3416.30
1592515650, 1195, 4, 5, 0, 0, 0.04%, 0, 0, 3, 3076.26
1592515655, 1205, 3, 5, 0, 0, 0.04%, 0, 0, 3, 3919.81
1592515660, 1215, 1, 5, 0, 0, 0.04%, 0, 0, 3, 3902.26
1592515665, 1224, 4, 5, 0, 0, 0.04%, 0, 0, 3, 3878.64
1592515670, 1232, 1, 5, 0, 0, 0.04%, 0, 0, 3, 1414.03
1592515676, 1240, 1, 5, 0, 0, 0.04%, 0, 0, 3, 2857.96
1592515681, 1247, 2, 5, 0, 0, 0.04%, 0, 0, 3, 3015.79
1592515686, 1254, 4, 5, 0, 0, 0.04%, 0, 0, 3, 3025.40
1592515691, 1260, 4, 5, 0, 0, 0.04%, 0, 0, 3, 2622.06
1592515696, 1267, 4, 5, 0, 0, 0.04%, 0, 0, 3, 2957.77
1592515701, 1275, 0, 5, 0, 0, 0.04%, 0, 0, 3, 3049.91
1592515706, 1282, 1, 5, 0, 0, 0.04%, 0, 0, 3, 3048.36
1592515711, 1288, 1, 5, 0, 0, 0.04%, 0, 0, 3, 2124.92
1592515716, 1297, 3, 5, 0, 0, 0.04%, 0, 0, 3, 3579.50
1592515722, 1306, 2, 5, 0, 0, 0.04%, 0, 0, 3, 3773.48
1592515727, 1315, 2, 5, 0, 0, 0.04%, 0, 0, 3, 3837.67
1592515732, 1322, 4, 5, 0, 0, 0.04%, 0, 0, 3, 2809.56
1592515737, 1332, 0, 5, 0, 0, 0.04%, 0, 0, 3, 3549.50
1592515742, 1340, 3, 5, 0, 0, 0.04%, 0, 0, 3, 3572.73
1592515747, 1347, 4, 5, 0, 0, 0.04%, 0, 0, 3, 3323.80
1592515752, 1356, 4, 5, 0, 0, 0.04%, 0, 0, 3, 3788.17
1592515758, 1366, 0, 5, 0, 0, 0.04%, 0, 0, 3, 3772.24
1592515763, 1374, 1, 5, 0, 0, 0.04%, 0, 0, 3, 3288.55
1592515768, 1383, 3, 5, 0, 0, 0.04%, 0, 0, 3, 3808.99
1592515773, 1392, 4, 5, 0, 0, 0.04%, 0, 0, 3, 3783.82
1592515778, 1401, 5, 6, 1, 1, 0.04%, 0, 0, 3, 3803.36
1592515783, 1403, 3, 6, 0, 0, 0.04%, 0, 0, 3, 2331.41
1592515789, 1406, 1, 6, 0, 0, 0.04%, 0, 0, 3, 2881.62
1592515794, 1409, 0, 6, 0, 0, 0.04%, 0, 0, 3, 3025.30
1592515799, 1411, 5, 6, 0, 0, 0.04%, 0, 0, 3, 2625.86
1592515804, 1415, 2, 6, 0, 0, 0.04%, 0, 0, 3, 3728.80
1592515809, 1418, 5, 6, 0, 0, 0.04%, 0, 0, 3, 3603.19
1592515814, 1421, 5, 6, 0, 0, 0.04%, 0, 0, 3, 3196.10
1592515819, 1425, 0, 6, 0, 0, 0.04%, 0, 0, 3, 3411.49
1592515824, 1428, 5, 6, 0, 0, 0.04%, 0, 0, 3, 3796.79
1592515829, 1432, 1, 6, 0, 0, 0.04%, 0, 0, 3, 3427.00
1592515834, 1435, 1, 6, 0, 0, 0.04%, 0, 0, 3, 3377.85
1592515839, 1438, 5, 6, 0, 0, 0.04%, 0, 0, 3, 3507.90
1592515845, 1442, 2, 6, 0, 0, 0.04%, 0, 0, 3, 3771.98
1592515850, 1444, 5, 6, 0, 0, 0.04%, 0, 0, 3, 3065.41
1592515855, 1447, 5, 6, 0, 0, 0.04%, 0, 0, 3, 2988.40
1592515860, 1450, 5, 6, 0, 0, 0.04%, 0, 0, 3, 676.98
