# unix_time, cycles_done, cur_path, paths_total, pending_total, pending_favs, map_size, unique_crashes, unique_hangs, max_depth, execs_per_sec
1592412732, 0, 0, 1, 1, 1, 0.02%, 0, 0, 1, 2.87
1592412758, 0, 0, 2, 2, 1, 0.04%, 0, 0, 2, 2.54
1592412763, 0, 0, 3, 3, 1, 0.04%, 0, 0, 2, 2.52
1592412768, 0, 0, 5, 5, 1, 0.04%, 0, 0, 2, 2.53
1592412774, 0, 0, 6, 6, 1, 0.04%, 0, 0, 2, 2.51
1592412779, 0, 0, 8, 8, 1, 0.05%, 0, 0, 2, 2.52
1592412789, 0, 0, 9, 9, 1, 0.05%, 0, 0, 2, 2.54
1592412850, 0, 0, 10, 10, 1, 0.05%, 0, 0, 2, 2.58
1592412896, 0, 0, 10, 10, 1, 0.05%, 1, 0, 2, 2.51
1592413195, 0, 0, 10, 9, 0, 0.05%, 1, 0, 2, 2.57
1592413200, 0, 1, 10, 9, 9, 0.05%, 1, 0, 2, 2.58
1592413312, 0, 2, 10, 8, 8, 0.05%, 1, 0, 2, 2.57
1592413317, 0, 3, 10, 7, 7, 0.05%, 1, 0, 2, 2.56
1592413429, 0, 4, 10, 6, 6, 0.05%, 1, 0, 2, 2.56
1592413535, 0, 5, 10, 5, 5, 0.05%, 1, 0, 2, 2.57
1592413647, 0, 6, 10, 4, 4, 0.05%, 1, 0, 2, 2.55
1592413759, 0, 7, 10, 3, 3, 0.05%, 1, 0, 2, 2.53
1592413865, 0, 8, 10, 2, 2, 0.05%, 1, 0, 2, 2.58
1592413971, 0, 9, 10, 1, 1, 0.05%, 1, 0, 2, 2.59
1592414089, 1, 0, 10, 0, 0, 0.05%, 1, 0, 2, 2.56
1592414195, 1, 0, 12, 2, 0, 0.05%, 1, 0, 2, 2.57
1592414201, 1, 1, 12, 2, 0, 0.05%, 1, 0, 2, 2.60
1592414247, 1, 1, 13, 3, 0, 0.05%, 1, 0, 3, 2.56
1592414318, 1, 2, 13, 3, 0, 0.05%, 1, 0, 3, 2.59
1592414323, 1, 3, 13, 3, 0, 0.05%, 1, 0, 3, 2.59
1592414429, 1, 4, 13, 3, 0, 0.05%, 1, 0, 3, 2.58
1592414531, 1, 5, 13, 3, 0, 0.05%, 1, 0, 3, 2.57
1592414632, 1, 5, 14, 4, 0, 0.05%, 1, 0, 3, 2.58
1592414637, 1, 6, 14, 4, 0, 0.05%, 1, 0, 3, 2.59
1592414744, 1, 7, 14, 4, 0, 0.05%, 1, 0, 3, 2.58
1592414850, 1, 8, 14, 4, 0, 0.05%, 1, 0, 3, 2.56
1592414952, 1, 9, 14, 4, 0, 0.05%, 1, 0, 3, 2.58
1592415053, 2, 0, 14, 4, 0, 0.05%, 1, 0, 3, 2.57
1592415161, 2, 1, 14, 4, 0, 0.05%, 1, 0, 3, 2.57
1592415267, 2, 2, 14, 4, 0, 0.05%, 1, 0, 3, 2.55
1592415272, 2, 3, 14, 4, 0, 0.05%, 1, 0, 3, 2.55
1592415379, 2, 4, 14, 4, 0, 0.05%, 1, 0, 3, 2.57
1592415480, 2, 5, 14, 4, 0, 0.05%, 1, 0, 3, 2.58
1592415582, 2, 6, 14, 4, 0, 0.05%, 1, 0, 3, 2.58
1592415693, 2, 7, 14, 4, 0, 0.05%, 1, 0, 3, 2.60
1592415795, 2, 8, 14, 4, 0, 0.05%, 1, 0, 3, 2.58
1592415897, 2, 9, 14, 4, 0, 0.05%, 1, 0, 3, 2.57
1592415999, 3, 0, 14, 4, 0, 0.05%, 1, 0, 3, 2.59
1592416101, 3, 1, 14, 4, 0, 0.05%, 1, 0, 3, 2.56
1592416208, 3, 2, 14, 4, 0, 0.05%, 1, 0, 3, 2.57
1592416218, 3, 3, 14, 4, 0, 0.05%, 1, 0, 3, 2.55
1592416319, 3, 4, 14, 4, 0, 0.05%, 1, 0, 3, 2.58
1592416421, 3, 5, 14, 4, 0, 0.05%, 1, 0, 3, 2.58
1592416527, 3, 5, 16, 6, 0, 0.05%, 1, 0, 3, 2.56
1592416532, 3, 6, 16, 6, 0, 0.05%, 1, 0, 3, 2.56
1592416639, 3, 7, 16, 6, 0, 0.05%, 1, 0, 3, 2.57
1592416741, 3, 8, 16, 6, 0, 0.05%, 1, 0, 3, 2.60
1592416849, 3, 9, 16, 6, 0, 0.05%, 1, 0, 3, 2.58
1592416951, 3, 10, 16, 6, 0, 0.05%, 1, 0, 3, 2.55
1592417087, 3, 11, 16, 5, 0, 0.05%, 1, 0, 3, 2.57
1592417234, 3, 14, 16, 4, 0, 0.05%, 1, 0, 3, 2.56
1592417718, 3, 15, 16, 3, 0, 0.05%, 1, 0, 3, 2.58
1592418023, 4, 0, 16, 2, 0, 0.05%, 1, 0, 3, 2.56
1592418124, 4, 1, 16, 2, 0, 0.05%, 1, 0, 3, 2.58
1592418236, 4, 2, 16, 2, 0, 0.05%, 1, 0, 3, 2.58
1592418241, 4, 3, 16, 2, 0, 0.05%, 1, 0, 3, 2.57
1592418347, 4, 4, 16, 2, 0, 0.05%, 1, 0, 3, 2.58
1592418448, 4, 5, 16, 2, 0, 0.05%, 1, 0, 3, 2.54
1592418550, 4, 6, 16, 2, 0, 0.05%, 1, 0, 3, 2.57
1592418661, 4, 7, 16, 2, 0, 0.05%, 1, 0, 3, 2.57
1592418762, 4, 8, 16, 2, 0, 0.05%, 1, 0, 3, 2.56
1592418868, 4, 9, 16, 2, 0, 0.05%, 1, 0, 3, 2.57
1592418970, 5, 0, 16, 2, 0, 0.05%, 1, 0, 3, 2.58
1592419071, 5, 1, 16, 2, 0, 0.05%, 1, 0, 3, 2.56
1592419182, 5, 2, 16, 2, 0, 0.05%, 1, 0, 3, 2.56
1592419187, 5, 3, 16, 2, 0, 0.05%, 1, 0, 3, 2.56
1592419289, 5, 4, 16, 2, 0, 0.05%, 1, 0, 3, 2.57
1592419395, 5, 5, 16, 2, 0, 0.05%, 1, 0, 3, 2.57
1592419496, 5, 6, 16, 2, 0, 0.05%, 1, 0, 3, 2.57
1592419604, 5, 7, 16, 2, 0, 0.05%, 1, 0, 3, 2.55
1592419710, 5, 8, 16, 2, 0, 0.05%, 1, 0, 3, 2.56
1592419812, 5, 9, 16, 2, 0, 0.05%, 1, 0, 3, 2.56
1592419919, 6, 0, 16, 2, 0, 0.05%, 1, 0, 3, 2.56
1592420021, 6, 1, 16, 2, 0, 0.05%, 1, 0, 3, 2.55
1592420127, 6, 2, 16, 2, 0, 0.05%, 1, 0, 3, 2.55
1592420137, 6, 3, 16, 2, 0, 0.05%, 1, 0, 3, 2.55
1592420239, 6, 4, 16, 2, 0, 0.05%, 1, 0, 3, 2.56
1592420340, 6, 5, 16, 2, 0, 0.05%, 1, 0, 3, 2.57
1592420447, 6, 6, 16, 2, 0, 0.05%, 1, 0, 3, 2.55
1592420553, 6, 7, 16, 2, 0, 0.05%, 1, 0, 3, 2.56
1592420654, 6, 8, 16, 2, 0, 0.05%, 1, 0, 3, 2.57
1592420761, 6, 9, 16, 2, 0, 0.05%, 1, 0, 3, 2.57
1592420862, 6, 13, 16, 2, 0, 0.05%, 1, 0, 3, 2.55
1592421060, 7, 0, 16, 1, 0, 0.05%, 1, 0, 3, 2.56
1592421167, 7, 1, 16, 1, 0, 0.05%, 1, 0, 3, 2.56
1592421273, 7, 2, 16, 1, 0, 0.05%, 1, 0, 3, 2.57
1592421283, 7, 3, 16, 1, 0, 0.05%, 1, 0, 3, 2.55
1592421385, 7, 4, 16, 1, 0, 0.05%, 1, 0, 3, 2.56
1592421486, 7, 5, 16, 1, 0, 0.05%, 1, 0, 3, 2.56
1592421592, 7, 6, 16, 1, 0, 0.05%, 1, 0, 3, 2.55
1592421699, 7, 7, 16, 1, 0, 0.05%, 1, 0, 3, 2.57
1592421805, 7, 8, 16, 1, 0, 0.05%, 1, 0, 3, 2.58
1592421907, 7, 9, 16, 1, 0, 0.05%, 1, 0, 3, 2.58
1592422008, 8, 0, 16, 1, 0, 0.05%, 1, 0, 3, 2.56
1592422114, 8, 1, 16, 1, 0, 0.05%, 1, 0, 3, 2.56
1592422221, 8, 2, 16, 1, 0, 0.05%, 1, 0, 3, 2.57
1592422226, 8, 3, 16, 1, 0, 0.05%, 1, 0, 3, 2.57
1592422332, 8, 4, 16, 1, 0, 0.05%, 1, 0, 3, 2.57
1592422434, 8, 5, 16, 1, 0, 0.05%, 1, 0, 3, 2.55
1592422535, 8, 6, 16, 1, 0, 0.05%, 1, 0, 3, 2.57
1592422647, 8, 7, 16, 1, 0, 0.05%, 1, 0, 3, 2.57
1592422748, 8, 8, 16, 1, 0, 0.05%, 1, 0, 3, 2.57
1592422855, 8, 9, 16, 1, 0, 0.05%, 1, 0, 3, 2.55
1592422956, 8, 11, 16, 1, 0, 0.05%, 1, 0, 3, 2.56
1592423057, 8, 15, 16, 1, 0, 0.05%, 1, 0, 3, 2.57
1592423174, 9, 0, 16, 1, 0, 0.05%, 1, 0, 3, 2.57
1592423275, 9, 1, 16, 1, 0, 0.05%, 1, 0, 3, 2.57
1592423387, 9, 2, 16, 1, 0, 0.05%, 1, 0, 3, 2.56
1592423392, 9, 3, 16, 1, 0, 0.05%, 1, 0, 3, 2.56
1592423493, 9, 4, 16, 1, 0, 0.05%, 1, 0, 3, 2.57
1592423600, 9, 5, 16, 1, 0, 0.05%, 1, 0, 3, 2.57
1592423701, 9, 6, 16, 1, 0, 0.05%, 1, 0, 3, 2.56
1592423807, 9, 7, 16, 1, 0, 0.05%, 1, 0, 3, 2.56
1592423914, 9, 8, 16, 1, 0, 0.05%, 1, 0, 3, 2.57
1592424015, 9, 9, 16, 1, 0, 0.05%, 1, 0, 3, 2.57
1592424116, 9, 14, 16, 1, 0, 0.05%, 1, 0, 3, 2.56
1592424233, 10, 0, 16, 1, 0, 0.05%, 1, 0, 3, 2.56
1592424334, 10, 1, 16, 1, 0, 0.05%, 1, 0, 3, 2.58
1592424445, 10, 2, 16, 1, 0, 0.05%, 1, 0, 3, 2.57
1592424450, 10, 3, 16, 1, 0, 0.05%, 1, 0, 3, 2.57
1592424552, 10, 4, 16, 1, 0, 0.05%, 1, 0, 3, 2.57
1592424658, 10, 5, 16, 1, 0, 0.05%, 1, 0, 3, 2.56
1592424760, 10, 6, 16, 1, 0, 0.05%, 1, 0, 3, 2.58
1592424866, 10, 7, 16, 1, 0, 0.05%, 1, 0, 3, 2.58
1592424973, 10, 8, 16, 1, 0, 0.05%, 1, 0, 3, 2.57
1592425074, 10, 9, 16, 1, 0, 0.05%, 1, 0, 3, 2.56
1592425180, 11, 0, 16, 1, 0, 0.05%, 1, 0, 3, 2.57
1592425282, 11, 1, 16, 1, 0, 0.05%, 1, 0, 3, 2.57
1592425388, 11, 2, 16, 1, 0, 0.05%, 1, 0, 3, 2.57
1592425398, 11, 3, 16, 1, 0, 0.05%, 1, 0, 3, 2.56
1592425500, 11, 4, 16, 1, 0, 0.05%, 1, 0, 3, 2.56
1592425601, 11, 5, 16, 1, 0, 0.05%, 1, 0, 3, 2.56
1592425709, 11, 6, 16, 1, 0, 0.05%, 1, 0, 3, 2.46
1592425826, 11, 7, 16, 1, 0, 0.05%, 1, 0, 3, 2.40
1592425936, 11, 8, 16, 1, 0, 0.05%, 1, 0, 3, 2.45
1592426041, 11, 9, 16, 1, 0, 0.05%, 1, 0, 3, 2.36
1592426151, 11, 15, 16, 1, 0, 0.05%, 1, 0, 3, 2.46
1592426272, 12, 0, 16, 1, 0, 0.05%, 1, 0, 3, 2.46
1592426382, 12, 1, 16, 1, 0, 0.05%, 1, 0, 3, 2.47
1592426493, 12, 2, 16, 1, 0, 0.05%, 1, 0, 3, 2.45
1592426498, 12, 3, 16, 1, 0, 0.05%, 1, 0, 3, 2.43
1592426608, 12, 4, 16, 1, 0, 0.05%, 1, 0, 3, 2.43
1592426719, 12, 5, 16, 1, 0, 0.05%, 1, 0, 3, 2.47
