# unix_time, cycles_done, cur_path, paths_total, pending_total, pending_favs, map_size, unique_crashes, unique_hangs, max_depth, execs_per_sec
1592435336, 0, 0, 1, 1, 1, 0.02%, 0, 0, 1, 6.64
1592435438, 1, 0, 1, 0, 0, 0.02%, 0, 0, 1, 3.12
1592435454, 2, 0, 1, 0, 0, 0.02%, 0, 0, 1, 3.12
1592435464, 3, 0, 1, 0, 0, 0.02%, 0, 0, 1, 3.12
1592435469, 4, 0, 1, 0, 0, 0.02%, 0, 0, 1, 3.12
1592435479, 5, 0, 1, 0, 0, 0.02%, 0, 0, 1, 3.12
1592435484, 6, 0, 1, 0, 0, 0.02%, 0, 0, 1, 3.12
1592435495, 7, 0, 1, 0, 0, 0.02%, 0, 0, 1, 3.12
1592435500, 8, 0, 1, 0, 0, 0.02%, 0, 0, 1, 3.12
1592435510, 9, 0, 1, 0, 0, 0.02%, 0, 0, 1, 3.12
1592435520, 10, 0, 1, 0, 0, 0.02%, 0, 0, 1, 3.12
1592435526, 11, 0, 1, 0, 0, 0.02%, 0, 0, 1, 3.12
1592435536, 12, 0, 1, 0, 0, 0.02%, 0, 0, 1, 3.12
1592435541, 13, 0, 1, 0, 0, 0.02%, 0, 0, 1, 3.12
1592435551, 14, 0, 1, 0, 0, 0.02%, 0, 0, 1, 3.12
1592435556, 15, 0, 1, 0, 0, 0.02%, 0, 0, 1, 3.12
1592435567, 16, 0, 1, 0, 0, 0.02%, 0, 0, 1, 3.12
1592435577, 17, 0, 1, 0, 0, 0.02%, 0, 0, 1, 3.12
1592435582, 18, 0, 1, 0, 0, 0.02%, 0, 0, 1, 3.12
1592435592, 19, 0, 1, 0, 0, 0.02%, 0, 0, 1, 3.12
1592435597, 20, 0, 1, 0, 0, 0.02%, 0, 0, 1, 3.12
1592435608, 21, 0, 1, 0, 0, 0.02%, 0, 0, 1, 3.12
1592435613, 22, 0, 1, 0, 0, 0.02%, 0, 0, 1, 3.12
1592435623, 23, 0, 1, 0, 0, 0.02%, 0, 0, 1, 3.12
1592435633, 24, 0, 1, 0, 0, 0.02%, 0, 0, 1, 3.12
1592435638, 25, 0, 1, 0, 0, 0.02%, 0, 0, 1, 3.12
1592435649, 26, 0, 1, 0, 0, 0.02%, 0, 0, 1, 3.12
1592435654, 27, 0, 1, 0, 0, 0.02%, 0, 0, 1, 3.12
1592435664, 28, 0, 1, 0, 0, 0.02%, 0, 0, 1, 3.12
1592435669, 29, 0, 1, 0, 0, 0.02%, 0, 0, 1, 3.12
1592435679, 30, 0, 1, 0, 0, 0.02%, 0, 0, 1, 3.12
1592435690, 31, 0, 1, 0, 0, 0.02%, 0, 0, 1, 3.12
1592435695, 32, 0, 1, 0, 0, 0.02%, 0, 0, 1, 3.12
1592435705, 33, 0, 1, 0, 0, 0.02%, 0, 0, 1, 3.12
1592435710, 34, 0, 1, 0, 0, 0.02%, 0, 0, 1, 3.12
1592435721, 35, 0, 1, 0, 0, 0.02%, 0, 0, 1, 3.12
1592435726, 36, 0, 1, 0, 0, 0.02%, 0, 0, 1, 3.12
1592435736, 37, 0, 1, 0, 0, 0.02%, 0, 0, 1, 3.12
1592435741, 38, 0, 1, 0, 0, 0.02%, 0, 0, 1, 3.12
1592435751, 39, 0, 1, 0, 0, 0.02%, 0, 0, 1, 3.12
1592435762, 40, 0, 1, 0, 0, 0.02%, 0, 0, 1, 3.12
1592435767, 41, 0, 1, 0, 0, 0.02%, 0, 0, 1, 3.12
1592435777, 42, 0, 1, 0, 0, 0.02%, 0, 0, 1, 3.12
1592435782, 43, 0, 1, 0, 0, 0.02%, 0, 0, 1, 3.12
1592435792, 44, 0, 1, 0, 0, 0.02%, 0, 0, 1, 3.12
1592435797, 45, 0, 1, 0, 0, 0.02%, 0, 0, 1, 3.12
1592435808, 46, 0, 1, 0, 0, 0.02%, 0, 0, 1, 3.12
1592435818, 47, 0, 1, 0, 0, 0.02%, 0, 0, 1, 3.12
1592435823, 48, 0, 1, 0, 0, 0.02%, 0, 0, 1, 3.12
1592435833, 49, 0, 1, 0, 0, 0.02%, 0, 0, 1, 3.12
1592435839, 50, 0, 1, 0, 0, 0.02%, 0, 0, 1, 3.12
1592435849, 51, 0, 1, 0, 0, 0.02%, 0, 0, 1, 3.12
1592435859, 52, 0, 1, 0, 0, 0.02%, 0, 0, 1, 3.12
1592435864, 53, 0, 1, 0, 0, 0.02%, 0, 0, 1, 3.12
1592435874, 54, 0, 1, 0, 0, 0.02%, 0, 0, 1, 3.12
1592435880, 55, 0, 1, 0, 0, 0.02%, 0, 0, 1, 3.12
1592435890, 56, 0, 1, 0, 0, 0.02%, 0, 0, 1, 3.12
1592435895, 57, 0, 1, 0, 0, 0.02%, 0, 0, 1, 3.12
1592435905, 58, 0, 1, 0, 0, 0.02%, 0, 0, 1, 3.12
1592435910, 59, 0, 1, 0, 0, 0.02%, 0, 0, 1, 3.12
1592435921, 60, 0, 1, 0, 0, 0.02%, 0, 0, 1, 3.12
1592435931, 61, 0, 1, 0, 0, 0.02%, 0, 0, 1, 3.12
1592435936, 62, 0, 1, 0, 0, 0.02%, 0, 0, 1, 3.12
1592435946, 63, 0, 1, 0, 0, 0.02%, 0, 0, 1, 3.12
1592435951, 64, 0, 1, 0, 0, 0.02%, 0, 0, 1, 3.12
1592435962, 65, 0, 1, 0, 0, 0.02%, 0, 0, 1, 3.12
1592435967, 66, 0, 1, 0, 0, 0.02%, 0, 0, 1, 3.12
1592435977, 67, 0, 1, 0, 0, 0.02%, 0, 0, 1, 3.12
1592435987, 68, 0, 1, 0, 0, 0.02%, 0, 0, 1, 3.12
1592435992, 69, 0, 1, 0, 0, 0.02%, 0, 0, 1, 3.12
1592436003, 70, 0, 1, 0, 0, 0.02%, 0, 0, 1, 3.12
1592436008, 71, 0, 1, 0, 0, 0.02%, 0, 0, 1, 3.12
1592436018, 72, 0, 1, 0, 0, 0.02%, 0, 0, 1, 3.12
1592436023, 73, 0, 1, 0, 0, 0.02%, 0, 0, 1, 3.12
1592436034, 74, 0, 1, 0, 0, 0.02%, 0, 0, 1, 3.12
1592436039, 75, 0, 1, 0, 0, 0.02%, 0, 0, 1, 3.12
1592436049, 76, 0, 1, 0, 0, 0.02%, 0, 0, 1, 3.12
1592436059, 77, 0, 1, 0, 0, 0.02%, 0, 0, 1, 3.12
1592436064, 78, 0, 1, 0, 0, 0.02%, 0, 0, 1, 3.12
1592436075, 79, 0, 1, 0, 0, 0.02%, 0, 0, 1, 3.12
1592436080, 80, 0, 1, 0, 0, 0.02%, 0, 0, 1, 3.12
1592436090, 81, 0, 1, 0, 0, 0.02%, 0, 0, 1, 3.12
1592436095, 82, 0, 1, 0, 0, 0.02%, 0, 0, 1, 3.12
1592436105, 83, 0, 1, 0, 0, 0.02%, 0, 0, 1, 3.12
1592436116, 84, 0, 1, 0, 0, 0.02%, 0, 0, 1, 3.12
1592436121, 85, 0, 1, 0, 0, 0.02%, 0, 0, 1, 3.12
1592436131, 86, 0, 1, 0, 0, 0.02%, 0, 0, 1, 3.12
1592436136, 87, 0, 1, 0, 0, 0.02%, 0, 0, 1, 3.12
1592436146, 88, 0, 1, 0, 0, 0.02%, 0, 0, 1, 3.12
1592436152, 89, 0, 1, 0, 0, 0.02%, 0, 0, 1, 3.12
1592436162, 90, 0, 1, 0, 0, 0.02%, 0, 0, 1, 3.12
1592436167, 91, 0, 1, 0, 0, 0.02%, 0, 0, 1, 3.12
1592436177, 92, 0, 1, 0, 0, 0.02%, 0, 0, 1, 3.12
1592436187, 93, 0, 1, 0, 0, 0.02%, 0, 0, 1, 3.12
1592436193, 94, 0, 1, 0, 0, 0.02%, 0, 0, 1, 3.12
1592436203, 95, 0, 1, 0, 0, 0.02%, 0, 0, 1, 3.12
1592436208, 96, 0, 1, 0, 0, 0.02%, 0, 0, 1, 3.12
1592436218, 97, 0, 1, 0, 0, 0.02%, 0, 0, 1, 3.12
1592436223, 98, 0, 1, 0, 0, 0.02%, 0, 0, 1, 3.12
1592436234, 99, 0, 1, 0, 0, 0.02%, 0, 0, 1, 3.12
1592436244, 100, 0, 1, 0, 0, 0.02%, 0, 0, 1, 3.12
1592436249, 101, 0, 1, 0, 0, 0.02%, 0, 0, 1, 3.12
1592436259, 102, 0, 1, 0, 0, 0.02%, 0, 0, 1, 3.12
1592436264, 103, 0, 1, 0, 0, 0.02%, 0, 0, 1, 3.12
1592436275, 104, 0, 1, 0, 0, 0.02%, 0, 0, 1, 3.12
1592436280, 105, 0, 1, 0, 0, 0.02%, 0, 0, 1, 3.12
1592436290, 106, 0, 1, 0, 0, 0.02%, 0, 0, 1, 3.12
1592436295, 107, 0, 1, 0, 0, 0.02%, 0, 0, 1, 3.12
1592436306, 108, 0, 1, 0, 0, 0.02%, 0, 0, 1, 3.12
1592436316, 109, 0, 1, 0, 0, 0.02%, 0, 0, 1, 3.12
1592436321, 110, 0, 1, 0, 0, 0.02%, 0, 0, 1, 3.12
1592436331, 111, 0, 1, 0, 0, 0.02%, 0, 0, 1, 3.12
1592436336, 112, 0, 1, 0, 0, 0.02%, 0, 0, 1, 3.12
1592436347, 113, 0, 1, 0, 0, 0.02%, 0, 0, 1, 3.12
1592436352, 114, 0, 1, 0, 0, 0.02%, 0, 0, 1, 3.12
1592436362, 115, 0, 1, 0, 0, 0.02%, 0, 0, 1, 3.12
1592436372, 116, 0, 1, 0, 0, 0.02%, 0, 0, 1, 3.12
1592436377, 117, 0, 1, 0, 0, 0.02%, 0, 0, 1, 3.12
1592436388, 118, 0, 1, 0, 0, 0.02%, 0, 0, 1, 3.12
1592436393, 119, 0, 1, 0, 0, 0.02%, 0, 0, 1, 3.12
1592436403, 120, 0, 1, 0, 0, 0.02%, 0, 0, 1, 3.12
1592436408, 121, 0, 1, 0, 0, 0.02%, 0, 0, 1, 3.12
1592436418, 122, 0, 1, 0, 0, 0.02%, 0, 0, 1, 3.12
1592436424, 123, 0, 1, 0, 0, 0.02%, 0, 0, 1, 3.12
1592436434, 124, 0, 1, 0, 0, 0.02%, 0, 0, 1, 3.12
1592436444, 125, 0, 1, 0, 0, 0.02%, 0, 0, 1, 3.12
1592436449, 126, 0, 1, 0, 0, 0.02%, 0, 0, 1, 3.12
1592436459, 127, 0, 1, 0, 0, 0.02%, 0, 0, 1, 3.12
1592436465, 128, 0, 1, 0, 0, 0.02%, 0, 0, 1, 3.12
1592436475, 129, 0, 1, 0, 0, 0.02%, 0, 0, 1, 3.12
1592436480, 130, 0, 1, 0, 0, 0.02%, 0, 0, 1, 3.12
1592436490, 131, 0, 1, 0, 0, 0.02%, 0, 0, 1, 3.12
1592436500, 132, 0, 1, 0, 0, 0.02%, 0, 0, 1, 3.12
1592436506, 133, 0, 1, 0, 0, 0.02%, 0, 0, 1, 3.12
1592436516, 134, 0, 1, 0, 0, 0.02%, 0, 0, 1, 3.12
1592436521, 135, 0, 1, 0, 0, 0.02%, 0, 0, 1, 3.12
1592436531, 136, 0, 1, 0, 0, 0.02%, 0, 0, 1, 3.12
1592436536, 137, 0, 1, 0, 0, 0.02%, 0, 0, 1, 3.12
1592436547, 138, 0, 1, 0, 0, 0.02%, 0, 0, 1, 3.12
1592436552, 139, 0, 1, 0, 0, 0.02%, 0, 0, 1, 3.12
1592436562, 140, 0, 1, 0, 0, 0.02%, 0, 0, 1, 3.12
1592436572, 141, 0, 1, 0, 0, 0.02%, 0, 0, 1, 3.12
1592436577, 142, 0, 1, 0, 0, 0.02%, 0, 0, 1, 3.12
1592436588, 143, 0, 1, 0, 0, 0.02%, 0, 0, 1, 3.12
1592436593, 144, 0, 1, 0, 0, 0.02%, 0, 0, 1, 3.12
1592436603, 145, 0, 1, 0, 0, 0.02%, 0, 0, 1, 3.12
1592436608, 146, 0, 1, 0, 0, 0.02%, 0, 0, 1, 3.12
1592436619, 147, 0, 1, 0, 0, 0.02%, 0, 0, 1, 3.12
1592436629, 148, 0, 1, 0, 0, 0.02%, 0, 0, 1, 3.12
1592436634, 149, 0, 1, 0, 0, 0.02%, 0, 0, 1, 3.12
1592436644, 150, 0, 1, 0, 0, 0.02%, 0, 0, 1, 3.12
1592436649, 151, 0, 1, 0, 0, 0.02%, 0, 0, 1, 3.12
1592436660, 152, 0, 1, 0, 0, 0.02%, 0, 0, 1, 3.12
1592436665, 153, 0, 1, 0, 0, 0.02%, 0, 0, 1, 3.12
1592436675, 154, 0, 1, 0, 0, 0.02%, 0, 0, 1, 3.12
1592436680, 155, 0, 1, 0, 0, 0.02%, 0, 0, 1, 3.12
1592436690, 156, 0, 1, 0, 0, 0.02%, 0, 0, 1, 3.12
1592436701, 157, 0, 1, 0, 0, 0.02%, 0, 0, 1, 3.12
1592436706, 158, 0, 1, 0, 0, 0.02%, 0, 0, 1, 3.12
1592436716, 159, 0, 1, 0, 0, 0.02%, 0, 0, 1, 3.12
1592436721, 160, 0, 1, 0, 0, 0.02%, 0, 0, 1, 3.12
1592436731, 161, 0, 1, 0, 0, 0.02%, 0, 0, 1, 3.12
1592436742, 162, 0, 1, 0, 0, 0.02%, 0, 0, 1, 3.12
1592436747, 163, 0, 1, 0, 0, 0.02%, 0, 0, 1, 3.12
1592436757, 164, 0, 1, 0, 0, 0.02%, 0, 0, 1, 3.12
1592436762, 165, 0, 1, 0, 0, 0.02%, 0, 0, 1, 3.12
1592436772, 166, 0, 1, 0, 0, 0.02%, 0, 0, 1, 3.12
1592436778, 167, 0, 1, 0, 0, 0.02%, 0, 0, 1, 3.12
1592436788, 168, 0, 1, 0, 0, 0.02%, 0, 0, 1, 3.12
1592436798, 169, 0, 1, 0, 0, 0.02%, 0, 0, 1, 3.12
1592436803, 170, 0, 1, 0, 0, 0.02%, 0, 0, 1, 3.12
1592436813, 171, 0, 1, 0, 0, 0.02%, 0, 0, 1, 3.12
1592436819, 172, 0, 1, 0, 0, 0.02%, 0, 0, 1, 3.12
1592436829, 173, 0, 1, 0, 0, 0.02%, 0, 0, 1, 3.12
1592436834, 174, 0, 1, 0, 0, 0.02%, 0, 0, 1, 3.12
1592436844, 175, 0, 1, 0, 0, 0.02%, 0, 0, 1, 3.12
1592436855, 176, 0, 1, 0, 0, 0.02%, 0, 0, 1, 3.12
1592436860, 177, 0, 1, 0, 0, 0.02%, 0, 0, 1, 3.12
1592436870, 178, 0, 1, 0, 0, 0.02%, 0, 0, 1, 3.12
1592436875, 179, 0, 1, 0, 0, 0.02%, 0, 0, 1, 3.12
1592436885, 180, 0, 1, 0, 0, 0.02%, 0, 0, 1, 3.12
1592436890, 181, 0, 1, 0, 0, 0.02%, 0, 0, 1, 3.12
1592436901, 182, 0, 1, 0, 0, 0.02%, 0, 0, 1, 3.12
1592436906, 183, 0, 1, 0, 0, 0.02%, 0, 0, 1, 3.12
1592436916, 184, 0, 1, 0, 0, 0.02%, 0, 0, 1, 3.12
1592436926, 185, 0, 1, 0, 0, 0.02%, 0, 0, 1, 3.12
1592436932, 186, 0, 1, 0, 0, 0.02%, 0, 0, 1, 3.12
1592436942, 187, 0, 1, 0, 0, 0.02%, 0, 0, 1, 3.12
1592436947, 188, 0, 1, 0, 0, 0.02%, 0, 0, 1, 3.12
1592436957, 189, 0, 1, 0, 0, 0.02%, 0, 0, 1, 3.12
1592436967, 190, 0, 1, 0, 0, 0.02%, 0, 0, 1, 3.12
1592436973, 191, 0, 1, 0, 0, 0.02%, 0, 0, 1, 3.12
1592436983, 192, 0, 1, 0, 0, 0.02%, 0, 0, 1, 3.12
1592436988, 193, 0, 1, 0, 0, 0.02%, 0, 0, 1, 3.12
1592436998, 194, 0, 1, 0, 0, 0.02%, 0, 0, 1, 3.12
1592437003, 195, 0, 1, 0, 0, 0.02%, 0, 0, 1, 3.12
1592437014, 196, 0, 1, 0, 0, 0.02%, 0, 0, 1, 3.12
1592437019, 197, 0, 1, 0, 0, 0.02%, 0, 0, 1, 3.12
1592437029, 198, 0, 1, 0, 0, 0.02%, 0, 0, 1, 3.12
1592437039, 199, 0, 1, 0, 0, 0.02%, 0, 0, 1, 3.12
1592437044, 200, 0, 1, 0, 0, 0.02%, 0, 0, 1, 3.12
1592437055, 201, 0, 1, 0, 0, 0.02%, 0, 0, 1, 3.12
1592437060, 202, 0, 1, 0, 0, 0.02%, 0, 0, 1, 3.12
1592437070, 203, 0, 1, 0, 0, 0.02%, 0, 0, 1, 3.12
1592437075, 204, 0, 1, 0, 0, 0.02%, 0, 0, 1, 3.12
1592437085, 205, 0, 1, 0, 0, 0.02%, 0, 0, 1, 3.12
1592437096, 206, 0, 1, 0, 0, 0.02%, 0, 0, 1, 3.12
1592437101, 207, 0, 1, 0, 0, 0.02%, 0, 0, 1, 3.12
1592437111, 208, 0, 1, 0, 0, 0.02%, 0, 0, 1, 3.12
1592437116, 209, 0, 1, 0, 0, 0.02%, 0, 0, 1, 3.12
1592437127, 210, 0, 1, 0, 0, 0.02%, 0, 0, 1, 3.12
1592437132, 211, 0, 1, 0, 0, 0.02%, 0, 0, 1, 3.12
1592437142, 212, 0, 1, 0, 0, 0.02%, 0, 0, 1, 3.12
1592437147, 213, 0, 1, 0, 0, 0.02%, 0, 0, 1, 3.12
1592437157, 214, 0, 1, 0, 0, 0.02%, 0, 0, 1, 3.12
1592437168, 215, 0, 1, 0, 0, 0.02%, 0, 0, 1, 3.12
1592437173, 216, 0, 1, 0, 0, 0.02%, 0, 0, 1, 3.12
1592437183, 217, 0, 1, 0, 0, 0.02%, 0, 0, 1, 3.12
1592437188, 218, 0, 1, 0, 0, 0.02%, 0, 0, 1, 3.12
1592437198, 219, 0, 1, 0, 0, 0.02%, 0, 0, 1, 3.12
1592437203, 220, 0, 1, 0, 0, 0.02%, 0, 0, 1, 3.12
1592437214, 221, 0, 1, 0, 0, 0.02%, 0, 0, 1, 3.12
1592437224, 222, 0, 1, 0, 0, 0.02%, 0, 0, 1, 3.12
1592437229, 223, 0, 1, 0, 0, 0.02%, 0, 0, 1, 3.12
1592437239, 224, 0, 1, 0, 0, 0.02%, 0, 0, 1, 3.12
1592437245, 225, 0, 1, 0, 0, 0.02%, 0, 0, 1, 3.12
1592437255, 226, 0, 1, 0, 0, 0.02%, 0, 0, 1, 3.12
1592437260, 227, 0, 1, 0, 0, 0.02%, 0, 0, 1, 3.12
1592437270, 228, 0, 1, 0, 0, 0.02%, 0, 0, 1, 3.12
1592437275, 229, 0, 1, 0, 0, 0.02%, 0, 0, 1, 3.12
1592437286, 230, 0, 1, 0, 0, 0.02%, 0, 0, 1, 3.12
1592437296, 231, 0, 1, 0, 0, 0.02%, 0, 0, 1, 3.12
1592437301, 232, 0, 1, 0, 0, 0.02%, 0, 0, 1, 3.12
1592437311, 233, 0, 1, 0, 0, 0.02%, 0, 0, 1, 3.12
1592437316, 234, 0, 1, 0, 0, 0.02%, 0, 0, 1, 3.12
1592437327, 235, 0, 1, 0, 0, 0.02%, 0, 0, 1, 3.12
1592437332, 236, 0, 1, 0, 0, 0.02%, 0, 0, 1, 3.12
1592437342, 237, 0, 1, 0, 0, 0.02%, 0, 0, 1, 3.12
1592437352, 238, 0, 1, 0, 0, 0.02%, 0, 0, 1, 3.12
1592437357, 239, 0, 1, 0, 0, 0.02%, 0, 0, 1, 3.12
1592437368, 240, 0, 1, 0, 0, 0.02%, 0, 0, 1, 3.12
1592437373, 241, 0, 1, 0, 0, 0.02%, 0, 0, 1, 3.12
1592437383, 242, 0, 1, 0, 0, 0.02%, 0, 0, 1, 3.12
1592437388, 243, 0, 1, 0, 0, 0.02%, 0, 0, 1, 3.12
1592437398, 244, 0, 1, 0, 0, 0.02%, 0, 0, 1, 3.12
1592437404, 245, 0, 1, 0, 0, 0.02%, 0, 0, 1, 3.12
1592437414, 246, 0, 1, 0, 0, 0.02%, 0, 0, 1, 3.12
1592437424, 247, 0, 1, 0, 0, 0.02%, 0, 0, 1, 3.12
1592437429, 248, 0, 1, 0, 0, 0.02%, 0, 0, 1, 3.12
1592437440, 249, 0, 1, 0, 0, 0.02%, 0, 0, 1, 3.12
1592437445, 250, 0, 1, 0, 0, 0.02%, 0, 0, 1, 3.12
1592437455, 251, 0, 1, 0, 0, 0.02%, 0, 0, 1, 3.12
1592437460, 252, 0, 1, 0, 0, 0.02%, 0, 0, 1, 3.12
1592437470, 253, 0, 1, 0, 0, 0.02%, 0, 0, 1, 3.12
1592437481, 254, 0, 1, 0, 0, 0.02%, 0, 0, 1, 3.12
1592437486, 255, 0, 1, 0, 0, 0.02%, 0, 0, 1, 3.12
1592437496, 256, 0, 1, 0, 0, 0.02%, 0, 0, 1, 3.12
1592437501, 257, 0, 1, 0, 0, 0.02%, 0, 0, 1, 3.12
1592437511, 258, 0, 1, 0, 0, 0.02%, 0, 0, 1, 3.12
1592437516, 259, 0, 1, 0, 0, 0.02%, 0, 0, 1, 3.12
1592437527, 260, 0, 1, 0, 0, 0.02%, 0, 0, 1, 3.12
1592437537, 261, 0, 1, 0, 0, 0.02%, 0, 0, 1, 3.12
1592437542, 262, 0, 1, 0, 0, 0.02%, 0, 0, 1, 3.12
1592437552, 263, 0, 1, 0, 0, 0.02%, 0, 0, 1, 3.12
1592437558, 264, 0, 1, 0, 0, 0.02%, 0, 0, 1, 3.12
1592437568, 265, 0, 1, 0, 0, 0.02%, 0, 0, 1, 3.12
1592437573, 266, 0, 1, 0, 0, 0.02%, 0, 0, 1, 3.12
1592437583, 267, 0, 1, 0, 0, 0.02%, 0, 0, 1, 3.12
1592437588, 268, 0, 1, 0, 0, 0.02%, 0, 0, 1, 3.12
1592437599, 269, 0, 1, 0, 0, 0.02%, 0, 0, 1, 3.12
1592437609, 270, 0, 1, 0, 0, 0.02%, 0, 0, 1, 3.12
1592437614, 271, 0, 1, 0, 0, 0.02%, 0, 0, 1, 3.12
1592437624, 272, 0, 1, 0, 0, 0.02%, 0, 0, 1, 3.12
1592437629, 273, 0, 1, 0, 0, 0.02%, 0, 0, 1, 3.12
1592437640, 274, 0, 1, 0, 0, 0.02%, 0, 0, 1, 3.12
1592437645, 275, 0, 1, 0, 0, 0.02%, 0, 0, 1, 3.12
1592437655, 276, 0, 1, 0, 0, 0.02%, 0, 0, 1, 3.12
1592437665, 277, 0, 1, 0, 0, 0.02%, 0, 0, 1, 3.12
1592437670, 278, 0, 1, 0, 0, 0.02%, 0, 0, 1, 3.12
1592437681, 279, 0, 1, 0, 0, 0.02%, 0, 0, 1, 3.12
1592437686, 280, 0, 1, 0, 0, 0.02%, 0, 0, 1, 3.12
1592437696, 281, 0, 1, 0, 0, 0.02%, 0, 0, 1, 3.12
1592437701, 282, 0, 1, 0, 0, 0.02%, 0, 0, 1, 3.12
1592437711, 283, 0, 1, 0, 0, 0.02%, 0, 0, 1, 3.12
1592437717, 284, 0, 1, 0, 0, 0.02%, 0, 0, 1, 3.12
1592437727, 285, 0, 1, 0, 0, 0.02%, 0, 0, 1, 3.12
1592437737, 286, 0, 1, 0, 0, 0.02%, 0, 0, 1, 3.12
1592437742, 287, 0, 1, 0, 0, 0.02%, 0, 0, 1, 3.12
1592437753, 288, 0, 1, 0, 0, 0.02%, 0, 0, 1, 3.12
1592437758, 289, 0, 1, 0, 0, 0.02%, 0, 0, 1, 3.12
1592437768, 290, 0, 1, 0, 0, 0.02%, 0, 0, 1, 3.12
1592437773, 291, 0, 1, 0, 0, 0.02%, 0, 0, 1, 3.12
1592437783, 292, 0, 1, 0, 0, 0.02%, 0, 0, 1, 3.12
1592437794, 293, 0, 1, 0, 0, 0.02%, 0, 0, 1, 3.12
1592437799, 294, 0, 1, 0, 0, 0.02%, 0, 0, 1, 3.12
1592437809, 295, 0, 1, 0, 0, 0.02%, 0, 0, 1, 3.12
1592437814, 296, 0, 1, 0, 0, 0.02%, 0, 0, 1, 3.12
1592437824, 297, 0, 1, 0, 0, 0.02%, 0, 0, 1, 3.12
1592437829, 298, 0, 1, 0, 0, 0.02%, 0, 0, 1, 3.12
1592437840, 299, 0, 1, 0, 0, 0.02%, 0, 0, 1, 3.12
1592437845, 300, 0, 1, 0, 0, 0.02%, 0, 0, 1, 3.12
1592437855, 301, 0, 1, 0, 0, 0.02%, 0, 0, 1, 3.12
1592437865, 302, 0, 1, 0, 0, 0.02%, 0, 0, 1, 3.12
1592437871, 303, 0, 1, 0, 0, 0.02%, 0, 0, 1, 3.12
1592437881, 304, 0, 1, 0, 0, 0.02%, 0, 0, 1, 3.12
1592437886, 305, 0, 1, 0, 0, 0.02%, 0, 0, 1, 3.12
1592437896, 306, 0, 1, 0, 0, 0.02%, 0, 0, 1, 3.12
1592437901, 307, 0, 1, 0, 0, 0.02%, 0, 0, 1, 3.12
1592437912, 308, 0, 1, 0, 0, 0.02%, 0, 0, 1, 3.12
1592437922, 309, 0, 1, 0, 0, 0.02%, 0, 0, 1, 3.12
1592437927, 310, 0, 1, 0, 0, 0.02%, 0, 0, 1, 3.12
1592437937, 311, 0, 1, 0, 0, 0.02%, 0, 0, 1, 3.12
1592437942, 312, 0, 1, 0, 0, 0.02%, 0, 0, 1, 3.12
1592437953, 313, 0, 1, 0, 0, 0.02%, 0, 0, 1, 3.12
1592437958, 314, 0, 1, 0, 0, 0.02%, 0, 0, 1, 3.12
1592437968, 315, 0, 1, 0, 0, 0.02%, 0, 0, 1, 3.12
1592437973, 316, 0, 1, 0, 0, 0.02%, 0, 0, 1, 3.12
1592437983, 317, 0, 1, 0, 0, 0.02%, 0, 0, 1, 3.12
1592437994, 318, 0, 1, 0, 0, 0.02%, 0, 0, 1, 3.12
1592437999, 319, 0, 1, 0, 0, 0.02%, 0, 0, 1, 3.12
1592438009, 320, 0, 1, 0, 0, 0.02%, 0, 0, 1, 3.12
1592438014, 321, 0, 1, 0, 0, 0.02%, 0, 0, 1, 3.12
1592438024, 322, 0, 1, 0, 0, 0.02%, 0, 0, 1, 3.12
1592438035, 323, 0, 1, 0, 0, 0.02%, 0, 0, 1, 3.12
1592438040, 324, 0, 1, 0, 0, 0.02%, 0, 0, 1, 3.12
1592438050, 325, 0, 1, 0, 0, 0.02%, 0, 0, 1, 3.12
1592438055, 326, 0, 1, 0, 0, 0.02%, 0, 0, 1, 3.12
1592438066, 327, 0, 1, 0, 0, 0.02%, 0, 0, 1, 3.12
1592438071, 328, 0, 1, 0, 0, 0.02%, 0, 0, 1, 3.12
1592438081, 329, 0, 1, 0, 0, 0.02%, 0, 0, 1, 3.12
1592438086, 330, 0, 1, 0, 0, 0.02%, 0, 0, 1, 3.12
1592438096, 331, 0, 1, 0, 0, 0.02%, 0, 0, 1, 3.12
1592438107, 332, 0, 1, 0, 0, 0.02%, 0, 0, 1, 3.12
1592438112, 333, 0, 1, 0, 0, 0.02%, 0, 0, 1, 3.12
1592438122, 334, 0, 1, 0, 0, 0.02%, 0, 0, 1, 3.12
1592438127, 335, 0, 1, 0, 0, 0.02%, 0, 0, 1, 3.12
1592438137, 336, 0, 1, 0, 0, 0.02%, 0, 0, 1, 3.12
1592438142, 337, 0, 1, 0, 0, 0.02%, 0, 0, 1, 3.12
1592438153, 338, 0, 1, 0, 0, 0.02%, 0, 0, 1, 3.12
1592438163, 339, 0, 1, 0, 0, 0.02%, 0, 0, 1, 3.12
1592438168, 340, 0, 1, 0, 0, 0.02%, 0, 0, 1, 3.12
1592438178, 341, 0, 1, 0, 0, 0.02%, 0, 0, 1, 3.12
1592438184, 342, 0, 1, 0, 0, 0.02%, 0, 0, 1, 3.12
1592438194, 343, 0, 1, 0, 0, 0.02%, 0, 0, 1, 3.12
1592438199, 344, 0, 1, 0, 0, 0.02%, 0, 0, 1, 3.12
1592438209, 345, 0, 1, 0, 0, 0.02%, 0, 0, 1, 3.12
1592438214, 346, 0, 1, 0, 0, 0.02%, 0, 0, 1, 3.12
1592438225, 347, 0, 1, 0, 0, 0.02%, 0, 0, 1, 3.12
1592438235, 348, 0, 1, 0, 0, 0.02%, 0, 0, 1, 3.12
1592438240, 349, 0, 1, 0, 0, 0.02%, 0, 0, 1, 3.12
1592438250, 350, 0, 1, 0, 0, 0.02%, 0, 0, 1, 3.12
1592438255, 351, 0, 1, 0, 0, 0.02%, 0, 0, 1, 3.12
1592438266, 352, 0, 1, 0, 0, 0.02%, 0, 0, 1, 3.12
1592438271, 353, 0, 1, 0, 0, 0.02%, 0, 0, 1, 3.12
1592438281, 354, 0, 1, 0, 0, 0.02%, 0, 0, 1, 3.12
1592438291, 355, 0, 1, 0, 0, 0.02%, 0, 0, 1, 3.12
1592438296, 356, 0, 1, 0, 0, 0.02%, 0, 0, 1, 3.12
1592438307, 357, 0, 1, 0, 0, 0.02%, 0, 0, 1, 3.12
1592438312, 358, 0, 1, 0, 0, 0.02%, 0, 0, 1, 3.12
1592438322, 359, 0, 1, 0, 0, 0.02%, 0, 0, 1, 3.12
1592438327, 360, 0, 1, 0, 0, 0.02%, 0, 0, 1, 3.12
1592438337, 361, 0, 1, 0, 0, 0.02%, 0, 0, 1, 3.12
1592438343, 362, 0, 1, 0, 0, 0.02%, 0, 0, 1, 3.12
1592438353, 363, 0, 1, 0, 0, 0.02%, 0, 0, 1, 3.12
1592438363, 364, 0, 1, 0, 0, 0.02%, 0, 0, 1, 3.12
1592438368, 365, 0, 1, 0, 0, 0.02%, 0, 0, 1, 3.12
1592438379, 366, 0, 1, 0, 0, 0.02%, 0, 0, 1, 3.12
1592438384, 367, 0, 1, 0, 0, 0.02%, 0, 0, 1, 3.12
1592438394, 368, 0, 1, 0, 0, 0.02%, 0, 0, 1, 3.12
1592438399, 369, 0, 1, 0, 0, 0.02%, 0, 0, 1, 3.12
1592438409, 370, 0, 1, 0, 0, 0.02%, 0, 0, 1, 3.12
1592438420, 371, 0, 1, 0, 0, 0.02%, 0, 0, 1, 3.12
1592438425, 372, 0, 1, 0, 0, 0.02%, 0, 0, 1, 3.12
1592438435, 373, 0, 1, 0, 0, 0.02%, 0, 0, 1, 3.12
1592438440, 374, 0, 1, 0, 0, 0.02%, 0, 0, 1, 3.12
1592438450, 375, 0, 1, 0, 0, 0.02%, 0, 0, 1, 3.12
1592438455, 376, 0, 1, 0, 0, 0.02%, 0, 0, 1, 3.12
1592438466, 377, 0, 1, 0, 0, 0.02%, 0, 0, 1, 3.12
1592438471, 378, 0, 1, 0, 0, 0.02%, 0, 0, 1, 3.12
1592438481, 379, 0, 1, 0, 0, 0.02%, 0, 0, 1, 3.12
1592438491, 380, 0, 1, 0, 0, 0.02%, 0, 0, 1, 3.12
1592438497, 381, 0, 1, 0, 0, 0.02%, 0, 0, 1, 3.12
1592438507, 382, 0, 1, 0, 0, 0.02%, 0, 0, 1, 3.12
1592438512, 383, 0, 1, 0, 0, 0.02%, 0, 0, 1, 3.12
1592438522, 384, 0, 1, 0, 0, 0.02%, 0, 0, 1, 3.12
1592438527, 385, 0, 1, 0, 0, 0.02%, 0, 0, 1, 3.12
1592438538, 386, 0, 1, 0, 0, 0.02%, 0, 0, 1, 3.12
1592438548, 387, 0, 1, 0, 0, 0.02%, 0, 0, 1, 3.12
1592438553, 388, 0, 1, 0, 0, 0.02%, 0, 0, 1, 3.12
1592438563, 389, 0, 1, 0, 0, 0.02%, 0, 0, 1, 3.12
1592438568, 390, 0, 1, 0, 0, 0.02%, 0, 0, 1, 3.12
1592438579, 391, 0, 1, 0, 0, 0.02%, 0, 0, 1, 3.12
1592438584, 392, 0, 1, 0, 0, 0.02%, 0, 0, 1, 3.12
1592438594, 393, 0, 1, 0, 0, 0.02%, 0, 0, 1, 3.12
1592438599, 394, 0, 1, 0, 0, 0.02%, 0, 0, 1, 3.12
1592438609, 395, 0, 1, 0, 0, 0.02%, 0, 0, 1, 3.12
1592438620, 396, 0, 1, 0, 0, 0.02%, 0, 0, 1, 3.12
1592438625, 397, 0, 1, 0, 0, 0.02%, 0, 0, 1, 3.12
1592438635, 398, 0, 1, 0, 0, 0.02%, 0, 0, 1, 3.12
1592438640, 399, 0, 1, 0, 0, 0.02%, 0, 0, 1, 3.12
1592438650, 400, 0, 1, 0, 0, 0.02%, 0, 0, 1, 3.12
1592438661, 401, 0, 1, 0, 0, 0.02%, 0, 0, 1, 3.12
1592438666, 402, 0, 1, 0, 0, 0.02%, 0, 0, 1, 3.12
1592438676, 403, 0, 1, 0, 0, 0.02%, 0, 0, 1, 3.12
1592438681, 404, 0, 1, 0, 0, 0.02%, 0, 0, 1, 3.12
1592438692, 405, 0, 1, 0, 0, 0.02%, 0, 0, 1, 3.12
1592438697, 406, 0, 1, 0, 0, 0.02%, 0, 0, 1, 3.12
1592438707, 407, 0, 1, 0, 0, 0.02%, 0, 0, 1, 3.12
1592438717, 408, 0, 1, 0, 0, 0.02%, 0, 0, 1, 3.12
1592438722, 409, 0, 1, 0, 0, 0.02%, 0, 0, 1, 3.12
1592438733, 410, 0, 1, 0, 0, 0.02%, 0, 0, 1, 3.12
1592438738, 411, 0, 1, 0, 0, 0.02%, 0, 0, 1, 3.12
1592438748, 412, 0, 1, 0, 0, 0.02%, 0, 0, 1, 3.12
1592438753, 413, 0, 1, 0, 0, 0.02%, 0, 0, 1, 3.12
1592438763, 414, 0, 1, 0, 0, 0.02%, 0, 0, 1, 3.12
1592438774, 415, 0, 1, 0, 0, 0.02%, 0, 0, 1, 3.12
1592438779, 416, 0, 1, 0, 0, 0.02%, 0, 0, 1, 3.12
1592438789, 417, 0, 1, 0, 0, 0.02%, 0, 0, 1, 3.12
1592438794, 418, 0, 1, 0, 0, 0.02%, 0, 0, 1, 3.12
1592438804, 419, 0, 1, 0, 0, 0.02%, 0, 0, 1, 3.12
1592438810, 420, 0, 1, 0, 0, 0.02%, 0, 0, 1, 3.12
1592438820, 421, 0, 1, 0, 0, 0.02%, 0, 0, 1, 3.12
1592438830, 422, 0, 1, 0, 0, 0.02%, 0, 0, 1, 3.12
1592438835, 423, 0, 1, 0, 0, 0.02%, 0, 0, 1, 3.12
1592438845, 424, 0, 1, 0, 0, 0.02%, 0, 0, 1, 3.12
1592438851, 425, 0, 1, 0, 0, 0.02%, 0, 0, 1, 3.12
1592438861, 426, 0, 1, 0, 0, 0.02%, 0, 0, 1, 3.12
1592438866, 427, 0, 1, 0, 0, 0.02%, 0, 0, 1, 3.12
1592438876, 428, 0, 1, 0, 0, 0.02%, 0, 0, 1, 3.12
1592438881, 429, 0, 1, 0, 0, 0.02%, 0, 0, 1, 3.12
1592438892, 430, 0, 1, 0, 0, 0.02%, 0, 0, 1, 3.12
1592438902, 431, 0, 1, 0, 0, 0.02%, 0, 0, 1, 3.12
1592438907, 432, 0, 1, 0, 0, 0.02%, 0, 0, 1, 3.12
1592438917, 433, 0, 1, 0, 0, 0.02%, 0, 0, 1, 3.12
1592438922, 434, 0, 1, 0, 0, 0.02%, 0, 0, 1, 3.12
1592438933, 435, 0, 1, 0, 0, 0.02%, 0, 0, 1, 3.12
1592438938, 436, 0, 1, 0, 0, 0.02%, 0, 0, 1, 3.12
1592438948, 437, 0, 1, 0, 0, 0.02%, 0, 0, 1, 3.12
1592438958, 438, 0, 1, 0, 0, 0.02%, 0, 0, 1, 3.12
1592438964, 439, 0, 1, 0, 0, 0.02%, 0, 0, 1, 3.12
1592438974, 440, 0, 1, 0, 0, 0.02%, 0, 0, 1, 3.12
1592438979, 441, 0, 1, 0, 0, 0.02%, 0, 0, 1, 3.11
1592438989, 442, 0, 1, 0, 0, 0.02%, 0, 0, 1, 3.12
1592438994, 443, 0, 1, 0, 0, 0.02%, 0, 0, 1, 3.12
1592439005, 444, 0, 1, 0, 0, 0.02%, 0, 0, 1, 3.12
1592439015, 445, 0, 1, 0, 0, 0.02%, 0, 0, 1, 3.12
1592439020, 446, 0, 1, 0, 0, 0.02%, 0, 0, 1, 3.12
1592439030, 447, 0, 1, 0, 0, 0.02%, 0, 0, 1, 3.12
1592439035, 448, 0, 1, 0, 0, 0.02%, 0, 0, 1, 3.12
1592439046, 449, 0, 1, 0, 0, 0.02%, 0, 0, 1, 3.12
1592439051, 450, 0, 1, 0, 0, 0.02%, 0, 0, 1, 3.12
1592439061, 451, 0, 1, 0, 0, 0.02%, 0, 0, 1, 3.12
1592439066, 452, 0, 1, 0, 0, 0.02%, 0, 0, 1, 3.12
1592439076, 453, 0, 1, 0, 0, 0.02%, 0, 0, 1, 3.12
1592439087, 454, 0, 1, 0, 0, 0.02%, 0, 0, 1, 3.12
1592439092, 455, 0, 1, 0, 0, 0.02%, 0, 0, 1, 3.12
1592439102, 456, 0, 1, 0, 0, 0.02%, 0, 0, 1, 3.12
1592439107, 457, 0, 1, 0, 0, 0.02%, 0, 0, 1, 3.12
1592439117, 458, 0, 1, 0, 0, 0.02%, 0, 0, 1, 3.12
1592439123, 459, 0, 1, 0, 0, 0.02%, 0, 0, 1, 3.12
1592439133, 460, 0, 1, 0, 0, 0.02%, 0, 0, 1, 3.12
1592439143, 461, 0, 1, 0, 0, 0.02%, 0, 0, 1, 3.12
1592439148, 462, 0, 1, 0, 0, 0.02%, 0, 0, 1, 3.12
1592439159, 463, 0, 1, 0, 0, 0.02%, 0, 0, 1, 3.12
1592439164, 464, 0, 1, 0, 0, 0.02%, 0, 0, 1, 3.12
1592439174, 465, 0, 1, 0, 0, 0.02%, 0, 0, 1, 3.12
1592439179, 466, 0, 1, 0, 0, 0.02%, 0, 0, 1, 3.12
1592439189, 467, 0, 1, 0, 0, 0.02%, 0, 0, 1, 3.12
1592439194, 468, 0, 1, 0, 0, 0.02%, 0, 0, 1, 3.12
1592439205, 469, 0, 1, 0, 0, 0.02%, 0, 0, 1, 3.12
1592439215, 470, 0, 1, 0, 0, 0.02%, 0, 0, 1, 3.12
1592439220, 471, 0, 1, 0, 0, 0.02%, 0, 0, 1, 3.12
1592439230, 472, 0, 1, 0, 0, 0.02%, 0, 0, 1, 3.12
1592439236, 473, 0, 1, 0, 0, 0.02%, 0, 0, 1, 3.12
1592439246, 474, 0, 1, 0, 0, 0.02%, 0, 0, 1, 3.12
1592439251, 475, 0, 1, 0, 0, 0.02%, 0, 0, 1, 3.12
1592439261, 476, 0, 1, 0, 0, 0.02%, 0, 0, 1, 3.12
1592439271, 477, 0, 1, 0, 0, 0.02%, 0, 0, 1, 3.12
1592439277, 478, 0, 1, 0, 0, 0.02%, 0, 0, 1, 3.12
1592439287, 479, 0, 1, 0, 0, 0.02%, 0, 0, 1, 3.12
1592439292, 480, 0, 1, 0, 0, 0.02%, 0, 0, 1, 3.12
1592439302, 481, 0, 1, 0, 0, 0.02%, 0, 0, 1, 3.12
1592439307, 482, 0, 1, 0, 0, 0.02%, 0, 0, 1, 3.12
1592439318, 483, 0, 1, 0, 0, 0.02%, 0, 0, 1, 3.12
1592439328, 484, 0, 1, 0, 0, 0.02%, 0, 0, 1, 3.12
1592439333, 485, 0, 1, 0, 0, 0.02%, 0, 0, 1, 3.12
1592439343, 486, 0, 1, 0, 0, 0.02%, 0, 0, 1, 3.11
1592439348, 487, 0, 1, 0, 0, 0.02%, 0, 0, 1, 3.12
1592439359, 488, 0, 1, 0, 0, 0.02%, 0, 0, 1, 3.12
1592439364, 489, 0, 1, 0, 0, 0.02%, 0, 0, 1, 3.12
1592439374, 490, 0, 1, 0, 0, 0.02%, 0, 0, 1, 3.12
1592439379, 491, 0, 1, 0, 0, 0.02%, 0, 0, 1, 3.12
1592439389, 492, 0, 1, 0, 0, 0.02%, 0, 0, 1, 3.12
1592439400, 493, 0, 1, 0, 0, 0.02%, 0, 0, 1, 3.12
1592439405, 494, 0, 1, 0, 0, 0.02%, 0, 0, 1, 3.12
1592439415, 495, 0, 1, 0, 0, 0.02%, 0, 0, 1, 3.12
1592439420, 496, 0, 1, 0, 0, 0.02%, 0, 0, 1, 3.12
1592439431, 497, 0, 1, 0, 0, 0.02%, 0, 0, 1, 3.12
1592439436, 498, 0, 1, 0, 0, 0.02%, 0, 0, 1, 3.12
1592439446, 499, 0, 1, 0, 0, 0.02%, 0, 0, 1, 3.12
1592439456, 500, 0, 1, 0, 0, 0.02%, 0, 0, 1, 3.12
1592439461, 501, 0, 1, 0, 0, 0.02%, 0, 0, 1, 3.12
1592439472, 502, 0, 1, 0, 0, 0.02%, 0, 0, 1, 3.12
1592439477, 503, 0, 1, 0, 0, 0.02%, 0, 0, 1, 3.12
1592439487, 504, 0, 1, 0, 0, 0.02%, 0, 0, 1, 3.12
1592439492, 505, 0, 1, 0, 0, 0.02%, 0, 0, 1, 3.12
1592439502, 506, 0, 1, 0, 0, 0.02%, 0, 0, 1, 3.12
1592439507, 507, 0, 1, 0, 0, 0.02%, 0, 0, 1, 3.12
1592439518, 508, 0, 1, 0, 0, 0.02%, 0, 0, 1, 3.12
1592439528, 509, 0, 1, 0, 0, 0.02%, 0, 0, 1, 3.12
1592439533, 510, 0, 1, 0, 0, 0.02%, 0, 0, 1, 3.12
1592439543, 511, 0, 1, 0, 0, 0.02%, 0, 0, 1, 3.12
1592439549, 512, 0, 1, 0, 0, 0.02%, 0, 0, 1, 3.12
1592439559, 513, 0, 1, 0, 0, 0.02%, 0, 0, 1, 3.12
1592439564, 514, 0, 1, 0, 0, 0.02%, 0, 0, 1, 3.12
1592439574, 515, 0, 1, 0, 0, 0.02%, 0, 0, 1, 3.12
1592439584, 516, 0, 1, 0, 0, 0.02%, 0, 0, 1, 3.12
1592439590, 517, 0, 1, 0, 0, 0.02%, 0, 0, 1, 3.12
1592439600, 518, 0, 1, 0, 0, 0.02%, 0, 0, 1, 3.12
1592439605, 519, 0, 1, 0, 0, 0.02%, 0, 0, 1, 3.12
1592439615, 520, 0, 1, 0, 0, 0.02%, 0, 0, 1, 3.12
1592439620, 521, 0, 1, 0, 0, 0.02%, 0, 0, 1, 3.12
1592439631, 522, 0, 1, 0, 0, 0.02%, 0, 0, 1, 3.12
1592439636, 523, 0, 1, 0, 0, 0.02%, 0, 0, 1, 3.12
1592439646, 524, 0, 1, 0, 0, 0.02%, 0, 0, 1, 3.12
1592439656, 525, 0, 1, 0, 0, 0.02%, 0, 0, 1, 3.12
1592439661, 526, 0, 1, 0, 0, 0.02%, 0, 0, 1, 3.12
1592439672, 527, 0, 1, 0, 0, 0.02%, 0, 0, 1, 3.12
1592439677, 528, 0, 1, 0, 0, 0.02%, 0, 0, 1, 3.12
1592439687, 529, 0, 1, 0, 0, 0.02%, 0, 0, 1, 3.12
1592439692, 530, 0, 1, 0, 0, 0.02%, 0, 0, 1, 3.12
1592439702, 531, 0, 1, 0, 0, 0.02%, 0, 0, 1, 3.12
1592439713, 532, 0, 1, 0, 0, 0.02%, 0, 0, 1, 3.12
1592439718, 533, 0, 1, 0, 0, 0.02%, 0, 0, 1, 3.12
1592439728, 534, 0, 1, 0, 0, 0.02%, 0, 0, 1, 3.12
1592439733, 535, 0, 1, 0, 0, 0.02%, 0, 0, 1, 3.12
1592439744, 536, 0, 1, 0, 0, 0.02%, 0, 0, 1, 3.12
1592439749, 537, 0, 1, 0, 0, 0.02%, 0, 0, 1, 3.12
1592439759, 538, 0, 1, 0, 0, 0.02%, 0, 0, 1, 3.12
1592439764, 539, 0, 1, 0, 0, 0.02%, 0, 0, 1, 3.12
1592439774, 540, 0, 1, 0, 0, 0.02%, 0, 0, 1, 3.12
1592439785, 541, 0, 1, 0, 0, 0.02%, 0, 0, 1, 3.12
1592439790, 542, 0, 1, 0, 0, 0.02%, 0, 0, 1, 3.12
1592439800, 543, 0, 1, 0, 0, 0.02%, 0, 0, 1, 3.12
1592439805, 544, 0, 1, 0, 0, 0.02%, 0, 0, 1, 3.12
1592439815, 545, 0, 1, 0, 0, 0.02%, 0, 0, 1, 3.12
1592439820, 546, 0, 1, 0, 0, 0.02%, 0, 0, 1, 3.12
1592439831, 547, 0, 1, 0, 0, 0.02%, 0, 0, 1, 3.12
1592439841, 548, 0, 1, 0, 0, 0.02%, 0, 0, 1, 3.12
1592439846, 549, 0, 1, 0, 0, 0.02%, 0, 0, 1, 3.12
1592439856, 550, 0, 1, 0, 0, 0.02%, 0, 0, 1, 3.12
1592439862, 551, 0, 1, 0, 0, 0.02%, 0, 0, 1, 3.12
1592439872, 552, 0, 1, 0, 0, 0.02%, 0, 0, 1, 3.12
1592439877, 553, 0, 1, 0, 0, 0.02%, 0, 0, 1, 3.12
1592439887, 554, 0, 1, 0, 0, 0.02%, 0, 0, 1, 3.12
1592439892, 555, 0, 1, 0, 0, 0.02%, 0, 0, 1, 3.12
1592439903, 556, 0, 1, 0, 0, 0.02%, 0, 0, 1, 3.12
1592439913, 557, 0, 1, 0, 0, 0.02%, 0, 0, 1, 3.12
1592439918, 558, 0, 1, 0, 0, 0.02%, 0, 0, 1, 3.12
1592439928, 559, 0, 1, 0, 0, 0.02%, 0, 0, 1, 3.12
1592439933, 560, 0, 1, 0, 0, 0.02%, 0, 0, 1, 3.12
1592439944, 561, 0, 1, 0, 0, 0.02%, 0, 0, 1, 3.12
1592439949, 562, 0, 1, 0, 0, 0.02%, 0, 0, 1, 3.12
1592439959, 563, 0, 1, 0, 0, 0.02%, 0, 0, 1, 3.12
1592439969, 564, 0, 1, 0, 0, 0.02%, 0, 0, 1, 3.12
1592439974, 565, 0, 1, 0, 0, 0.02%, 0, 0, 1, 3.12
1592439985, 566, 0, 1, 0, 0, 0.02%, 0, 0, 1, 3.12
1592439990, 567, 0, 1, 0, 0, 0.02%, 0, 0, 1, 3.12
1592440000, 568, 0, 1, 0, 0, 0.02%, 0, 0, 1, 3.12
1592440005, 569, 0, 1, 0, 0, 0.02%, 0, 0, 1, 3.12
1592440015, 570, 0, 1, 0, 0, 0.02%, 0, 0, 1, 3.12
1592440021, 571, 0, 1, 0, 0, 0.02%, 0, 0, 1, 3.12
1592440031, 572, 0, 1, 0, 0, 0.02%, 0, 0, 1, 3.12
1592440041, 573, 0, 1, 0, 0, 0.02%, 0, 0, 1, 3.12
1592440046, 574, 0, 1, 0, 0, 0.02%, 0, 0, 1, 3.12
1592440057, 575, 0, 1, 0, 0, 0.02%, 0, 0, 1, 3.12
1592440062, 576, 0, 1, 0, 0, 0.02%, 0, 0, 1, 3.12
1592440072, 577, 0, 1, 0, 0, 0.02%, 0, 0, 1, 3.11
1592440077, 578, 0, 1, 0, 0, 0.02%, 0, 0, 1, 3.12
1592440087, 579, 0, 1, 0, 0, 0.02%, 0, 0, 1, 3.12
1592440098, 580, 0, 1, 0, 0, 0.02%, 0, 0, 1, 3.12
1592440103, 581, 0, 1, 0, 0, 0.02%, 0, 0, 1, 3.12
1592440113, 582, 0, 1, 0, 0, 0.02%, 0, 0, 1, 3.12
1592440118, 583, 0, 1, 0, 0, 0.02%, 0, 0, 1, 3.12
1592440128, 584, 0, 1, 0, 0, 0.02%, 0, 0, 1, 3.12
1592440134, 585, 0, 1, 0, 0, 0.02%, 0, 0, 1, 3.12
1592440144, 586, 0, 1, 0, 0, 0.02%, 0, 0, 1, 3.12
1592440149, 587, 0, 1, 0, 0, 0.02%, 0, 0, 1, 3.12
1592440159, 588, 0, 1, 0, 0, 0.02%, 0, 0, 1, 3.12
1592440169, 589, 0, 1, 0, 0, 0.02%, 0, 0, 1, 3.12
1592440175, 590, 0, 1, 0, 0, 0.02%, 0, 0, 1, 3.12
1592440185, 591, 0, 1, 0, 0, 0.02%, 0, 0, 1, 3.12
1592440190, 592, 0, 1, 0, 0, 0.02%, 0, 0, 1, 3.12
1592440200, 593, 0, 1, 0, 0, 0.02%, 0, 0, 1, 3.12
1592440205, 594, 0, 1, 0, 0, 0.02%, 0, 0, 1, 3.12
1592440216, 595, 0, 1, 0, 0, 0.02%, 0, 0, 1, 3.12
1592440226, 596, 0, 1, 0, 0, 0.02%, 0, 0, 1, 3.12
1592440231, 597, 0, 1, 0, 0, 0.02%, 0, 0, 1, 3.12
1592440241, 598, 0, 1, 0, 0, 0.02%, 0, 0, 1, 3.12
1592440246, 599, 0, 1, 0, 0, 0.02%, 0, 0, 1, 3.12
1592440257, 600, 0, 1, 0, 0, 0.02%, 0, 0, 1, 3.12
1592440262, 601, 0, 1, 0, 0, 0.02%, 0, 0, 1, 3.12
1592440272, 602, 0, 1, 0, 0, 0.02%, 0, 0, 1, 3.12
1592440277, 603, 0, 1, 0, 0, 0.02%, 0, 0, 1, 3.12
1592440287, 604, 0, 1, 0, 0, 0.02%, 0, 0, 1, 3.12
1592440298, 605, 0, 1, 0, 0, 0.02%, 0, 0, 1, 3.12
1592440303, 606, 0, 1, 0, 0, 0.02%, 0, 0, 1, 3.12
1592440313, 607, 0, 1, 0, 0, 0.02%, 0, 0, 1, 3.12
1592440318, 608, 0, 1, 0, 0, 0.02%, 0, 0, 1, 3.12
1592440328, 609, 0, 1, 0, 0, 0.02%, 0, 0, 1, 3.12
1592440334, 610, 0, 1, 0, 0, 0.02%, 0, 0, 1, 3.12
1592440344, 611, 0, 1, 0, 0, 0.02%, 0, 0, 1, 3.12
1592440354, 612, 0, 1, 0, 0, 0.02%, 0, 0, 1, 3.12
1592440359, 613, 0, 1, 0, 0, 0.02%, 0, 0, 1, 3.12
1592440370, 614, 0, 1, 0, 0, 0.02%, 0, 0, 1, 3.12
1592440375, 615, 0, 1, 0, 0, 0.02%, 0, 0, 1, 3.12
1592440385, 616, 0, 1, 0, 0, 0.02%, 0, 0, 1, 3.12
1592440390, 617, 0, 1, 0, 0, 0.02%, 0, 0, 1, 3.12
1592440400, 618, 0, 1, 0, 0, 0.02%, 0, 0, 1, 3.12
1592440405, 619, 0, 1, 0, 0, 0.02%, 0, 0, 1, 3.12
1592440416, 620, 0, 1, 0, 0, 0.02%, 0, 0, 1, 3.12
1592440426, 621, 0, 1, 0, 0, 0.02%, 0, 0, 1, 3.12
1592440431, 622, 0, 1, 0, 0, 0.02%, 0, 0, 1, 3.12
1592440441, 623, 0, 1, 0, 0, 0.02%, 0, 0, 1, 3.12
1592440447, 624, 0, 1, 0, 0, 0.02%, 0, 0, 1, 3.12
1592440457, 625, 0, 1, 0, 0, 0.02%, 0, 0, 1, 3.12
1592440462, 626, 0, 1, 0, 0, 0.02%, 0, 0, 1, 3.12
1592440472, 627, 0, 1, 0, 0, 0.02%, 0, 0, 1, 3.12
1592440482, 628, 0, 1, 0, 0, 0.02%, 0, 0, 1, 3.12
1592440488, 629, 0, 1, 0, 0, 0.02%, 0, 0, 1, 3.12
1592440498, 630, 0, 1, 0, 0, 0.02%, 0, 0, 1, 3.12
1592440503, 631, 0, 1, 0, 0, 0.02%, 0, 0, 1, 3.12
1592440513, 632, 0, 1, 0, 0, 0.02%, 0, 0, 1, 3.12
1592440518, 633, 0, 1, 0, 0, 0.02%, 0, 0, 1, 3.12
1592440529, 634, 0, 1, 0, 0, 0.02%, 0, 0, 1, 3.12
1592440534, 635, 0, 1, 0, 0, 0.02%, 0, 0, 1, 3.12
1592440544, 636, 0, 1, 0, 0, 0.02%, 0, 0, 1, 3.12
1592440554, 637, 0, 1, 0, 0, 0.02%, 0, 0, 1, 3.12
1592440559, 638, 0, 1, 0, 0, 0.02%, 0, 0, 1, 3.12
1592440570, 639, 0, 1, 0, 0, 0.02%, 0, 0, 1, 3.12
1592440575, 640, 0, 1, 0, 0, 0.02%, 0, 0, 1, 3.12
1592440585, 641, 0, 1, 0, 0, 0.02%, 0, 0, 1, 3.12
1592440590, 642, 0, 1, 0, 0, 0.02%, 0, 0, 1, 3.12
1592440600, 643, 0, 1, 0, 0, 0.02%, 0, 0, 1, 3.12
1592440611, 644, 0, 1, 0, 0, 0.02%, 0, 0, 1, 3.12
1592440616, 645, 0, 1, 0, 0, 0.02%, 0, 0, 1, 3.12
1592440626, 646, 0, 1, 0, 0, 0.02%, 0, 0, 1, 3.12
1592440631, 647, 0, 1, 0, 0, 0.02%, 0, 0, 1, 3.12
1592440641, 648, 0, 1, 0, 0, 0.02%, 0, 0, 1, 3.12
1592440647, 649, 0, 1, 0, 0, 0.02%, 0, 0, 1, 3.12
1592440657, 650, 0, 1, 0, 0, 0.02%, 0, 0, 1, 3.12
1592440662, 651, 0, 1, 0, 0, 0.02%, 0, 0, 1, 3.12
1592440672, 652, 0, 1, 0, 0, 0.02%, 0, 0, 1, 3.12
1592440683, 653, 0, 1, 0, 0, 0.02%, 0, 0, 1, 3.12
1592440688, 654, 0, 1, 0, 0, 0.02%, 0, 0, 1, 3.12
1592440698, 655, 0, 1, 0, 0, 0.02%, 0, 0, 1, 3.12
1592440703, 656, 0, 1, 0, 0, 0.02%, 0, 0, 1, 3.12
1592440713, 657, 0, 1, 0, 0, 0.02%, 0, 0, 1, 3.12
1592440718, 658, 0, 1, 0, 0, 0.02%, 0, 0, 1, 3.12
1592440729, 659, 0, 1, 0, 0, 0.02%, 0, 0, 1, 3.12
1592440739, 660, 0, 1, 0, 0, 0.02%, 0, 0, 1, 3.12
1592440744, 661, 0, 1, 0, 0, 0.02%, 0, 0, 1, 3.12
1592440754, 662, 0, 1, 0, 0, 0.02%, 0, 0, 1, 3.12
1592440760, 663, 0, 1, 0, 0, 0.02%, 0, 0, 1, 3.12
1592440770, 664, 0, 1, 0, 0, 0.02%, 0, 0, 1, 3.12
1592440775, 665, 0, 1, 0, 0, 0.02%, 0, 0, 1, 3.12
1592440785, 666, 0, 1, 0, 0, 0.02%, 0, 0, 1, 3.12
1592440790, 667, 0, 1, 0, 0, 0.02%, 0, 0, 1, 3.12
1592440801, 668, 0, 1, 0, 0, 0.02%, 0, 0, 1, 3.12
1592440811, 669, 0, 1, 0, 0, 0.02%, 0, 0, 1, 3.12
1592440816, 670, 0, 1, 0, 0, 0.02%, 0, 0, 1, 3.12
1592440826, 671, 0, 1, 0, 0, 0.02%, 0, 0, 1, 3.12
1592440831, 672, 0, 1, 0, 0, 0.02%, 0, 0, 1, 3.12
1592440842, 673, 0, 1, 0, 0, 0.02%, 0, 0, 1, 3.12
1592440847, 674, 0, 1, 0, 0, 0.02%, 0, 0, 1, 3.12
1592440857, 675, 0, 1, 0, 0, 0.02%, 0, 0, 1, 3.12
1592440867, 676, 0, 1, 0, 0, 0.02%, 0, 0, 1, 3.12
1592440872, 677, 0, 1, 0, 0, 0.02%, 0, 0, 1, 3.12
1592440883, 678, 0, 1, 0, 0, 0.02%, 0, 0, 1, 3.12
1592440888, 679, 0, 1, 0, 0, 0.02%, 0, 0, 1, 3.12
1592440898, 680, 0, 1, 0, 0, 0.02%, 0, 0, 1, 3.12
1592440903, 681, 0, 1, 0, 0, 0.02%, 0, 0, 1, 3.12
1592440913, 682, 0, 1, 0, 0, 0.02%, 0, 0, 1, 3.12
1592440919, 683, 0, 1, 0, 0, 0.02%, 0, 0, 1, 3.12
1592440929, 684, 0, 1, 0, 0, 0.02%, 0, 0, 1, 3.12
1592440939, 685, 0, 1, 0, 0, 0.02%, 0, 0, 1, 3.11
1592440944, 686, 0, 1, 0, 0, 0.02%, 0, 0, 1, 3.12
1592440955, 687, 0, 1, 0, 0, 0.02%, 0, 0, 1, 3.12
1592440960, 688, 0, 1, 0, 0, 0.02%, 0, 0, 1, 3.12
1592440970, 689, 0, 1, 0, 0, 0.02%, 0, 0, 1, 3.12
1592440975, 690, 0, 1, 0, 0, 0.02%, 0, 0, 1, 3.11
1592440985, 691, 0, 1, 0, 0, 0.02%, 0, 0, 1, 3.11
1592440996, 692, 0, 1, 0, 0, 0.02%, 0, 0, 1, 3.11
1592441001, 693, 0, 1, 0, 0, 0.02%, 0, 0, 1, 3.11
1592441011, 694, 0, 1, 0, 0, 0.02%, 0, 0, 1, 3.12
1592441016, 695, 0, 1, 0, 0, 0.02%, 0, 0, 1, 3.12
1592441026, 696, 0, 1, 0, 0, 0.02%, 0, 0, 1, 3.12
1592441032, 697, 0, 1, 0, 0, 0.02%, 0, 0, 1, 3.12
1592441042, 698, 0, 1, 0, 0, 0.02%, 0, 0, 1, 3.12
1592441047, 699, 0, 1, 0, 0, 0.02%, 0, 0, 1, 3.12
1592441057, 700, 0, 1, 0, 0, 0.02%, 0, 0, 1, 3.12
1592441068, 701, 0, 1, 0, 0, 0.02%, 0, 0, 1, 3.12
1592441073, 702, 0, 1, 0, 0, 0.02%, 0, 0, 1, 3.12
1592441083, 703, 0, 1, 0, 0, 0.02%, 0, 0, 1, 3.12
1592441088, 704, 0, 1, 0, 0, 0.02%, 0, 0, 1, 3.12
1592441098, 705, 0, 1, 0, 0, 0.02%, 0, 0, 1, 3.12
1592441103, 706, 0, 1, 0, 0, 0.02%, 0, 0, 1, 3.12
1592441114, 707, 0, 1, 0, 0, 0.02%, 0, 0, 1, 3.12
1592441124, 708, 0, 1, 0, 0, 0.02%, 0, 0, 1, 3.12
1592441129, 709, 0, 1, 0, 0, 0.02%, 0, 0, 1, 3.12
1592441139, 710, 0, 1, 0, 0, 0.02%, 0, 0, 1, 3.12
1592441145, 711, 0, 1, 0, 0, 0.02%, 0, 0, 1, 3.12
1592441155, 712, 0, 1, 0, 0, 0.02%, 0, 0, 1, 3.12
1592441160, 713, 0, 1, 0, 0, 0.02%, 0, 0, 1, 3.12
1592441170, 714, 0, 1, 0, 0, 0.02%, 0, 0, 1, 3.12
1592441175, 715, 0, 1, 0, 0, 0.02%, 0, 0, 1, 3.12
1592441186, 716, 0, 1, 0, 0, 0.02%, 0, 0, 1, 3.12
1592441196, 717, 0, 1, 0, 0, 0.02%, 0, 0, 1, 3.12
1592441201, 718, 0, 1, 0, 0, 0.02%, 0, 0, 1, 3.12
1592441211, 719, 0, 1, 0, 0, 0.02%, 0, 0, 1, 3.12
1592441216, 720, 0, 1, 0, 0, 0.02%, 0, 0, 1, 3.12
1592441227, 721, 0, 1, 0, 0, 0.02%, 0, 0, 1, 3.12
1592441232, 722, 0, 1, 0, 0, 0.02%, 0, 0, 1, 3.12
1592441242, 723, 0, 1, 0, 0, 0.02%, 0, 0, 1, 3.11
1592441252, 724, 0, 1, 0, 0, 0.02%, 0, 0, 1, 3.12
1592441257, 725, 0, 1, 0, 0, 0.02%, 0, 0, 1, 3.12
1592441268, 726, 0, 1, 0, 0, 0.02%, 0, 0, 1, 3.12
1592441273, 727, 0, 1, 0, 0, 0.02%, 0, 0, 1, 3.12
1592441283, 728, 0, 1, 0, 0, 0.02%, 0, 0, 1, 3.12
1592441288, 729, 0, 1, 0, 0, 0.02%, 0, 0, 1, 3.12
1592441299, 730, 0, 1, 0, 0, 0.02%, 0, 0, 1, 3.12
1592441304, 731, 0, 1, 0, 0, 0.02%, 0, 0, 1, 3.12
1592441314, 732, 0, 1, 0, 0, 0.02%, 0, 0, 1, 3.12
1592441324, 733, 0, 1, 0, 0, 0.02%, 0, 0, 1, 3.12
1592441329, 734, 0, 1, 0, 0, 0.02%, 0, 0, 1, 3.12
1592441340, 735, 0, 1, 0, 0, 0.02%, 0, 0, 1, 3.12
1592441345, 736, 0, 1, 0, 0, 0.02%, 0, 0, 1, 3.12
1592441355, 737, 0, 1, 0, 0, 0.02%, 0, 0, 1, 3.12
1592441360, 738, 0, 1, 0, 0, 0.02%, 0, 0, 1, 3.12
1592441370, 739, 0, 1, 0, 0, 0.02%, 0, 0, 1, 3.12
1592441381, 740, 0, 1, 0, 0, 0.02%, 0, 0, 1, 3.12
1592441386, 741, 0, 1, 0, 0, 0.02%, 0, 0, 1, 3.12
1592441396, 742, 0, 1, 0, 0, 0.02%, 0, 0, 1, 3.12
1592441401, 743, 0, 1, 0, 0, 0.02%, 0, 0, 1, 3.12
1592441411, 744, 0, 1, 0, 0, 0.02%, 0, 0, 1, 3.12
1592441417, 745, 0, 1, 0, 0, 0.02%, 0, 0, 1, 3.12
1592441427, 746, 0, 1, 0, 0, 0.02%, 0, 0, 1, 3.12
1592441432, 747, 0, 1, 0, 0, 0.02%, 0, 0, 1, 3.12
1592441442, 748, 0, 1, 0, 0, 0.02%, 0, 0, 1, 3.12
1592441453, 749, 0, 1, 0, 0, 0.02%, 0, 0, 1, 3.12
1592441458, 750, 0, 1, 0, 0, 0.02%, 0, 0, 1, 3.12
1592441468, 751, 0, 1, 0, 0, 0.02%, 0, 0, 1, 3.12
1592441473, 752, 0, 1, 0, 0, 0.02%, 0, 0, 1, 3.12
1592441483, 753, 0, 1, 0, 0, 0.02%, 0, 0, 1, 3.12
1592441488, 754, 0, 1, 0, 0, 0.02%, 0, 0, 1, 3.12
1592441499, 755, 0, 1, 0, 0, 0.02%, 0, 0, 1, 3.12
1592441509, 756, 0, 1, 0, 0, 0.02%, 0, 0, 1, 3.12
1592441514, 757, 0, 1, 0, 0, 0.02%, 0, 0, 1, 3.12
1592441524, 758, 0, 1, 0, 0, 0.02%, 0, 0, 1, 3.12
1592441530, 759, 0, 1, 0, 0, 0.02%, 0, 0, 1, 3.12
1592441540, 760, 0, 1, 0, 0, 0.02%, 0, 0, 1, 3.12
1592441545, 761, 0, 1, 0, 0, 0.02%, 0, 0, 1, 3.12
1592441555, 762, 0, 1, 0, 0, 0.02%, 0, 0, 1, 3.12
1592441560, 763, 0, 1, 0, 0, 0.02%, 0, 0, 1, 3.12
1592441571, 764, 0, 1, 0, 0, 0.02%, 0, 0, 1, 3.12
1592441581, 765, 0, 1, 0, 0, 0.02%, 0, 0, 1, 3.12
1592441586, 766, 0, 1, 0, 0, 0.02%, 0, 0, 1, 3.12
1592441596, 767, 0, 1, 0, 0, 0.02%, 0, 0, 1, 3.12
1592441601, 768, 0, 1, 0, 0, 0.02%, 0, 0, 1, 3.12
1592441612, 769, 0, 1, 0, 0, 0.02%, 0, 0, 1, 3.12
1592441617, 770, 0, 1, 0, 0, 0.02%, 0, 0, 1, 3.12
1592441627, 771, 0, 1, 0, 0, 0.02%, 0, 0, 1, 3.12
1592441637, 772, 0, 1, 0, 0, 0.02%, 0, 0, 1, 3.12
1592441642, 773, 0, 1, 0, 0, 0.02%, 0, 0, 1, 3.12
1592441653, 774, 0, 1, 0, 0, 0.02%, 0, 0, 1, 3.12
1592441658, 775, 0, 1, 0, 0, 0.02%, 0, 0, 1, 3.12
1592441668, 776, 0, 1, 0, 0, 0.02%, 0, 0, 1, 3.12
1592441673, 777, 0, 1, 0, 0, 0.02%, 0, 0, 1, 3.12
1592441684, 778, 0, 1, 0, 0, 0.02%, 0, 0, 1, 3.12
1592441689, 779, 0, 1, 0, 0, 0.02%, 0, 0, 1, 3.12
1592441699, 780, 0, 1, 0, 0, 0.02%, 0, 0, 1, 3.12
1592441709, 781, 0, 1, 0, 0, 0.02%, 0, 0, 1, 3.12
1592441714, 782, 0, 1, 0, 0, 0.02%, 0, 0, 1, 3.12
1592441725, 783, 0, 1, 0, 0, 0.02%, 0, 0, 1, 3.12
1592441730, 784, 0, 1, 0, 0, 0.02%, 0, 0, 1, 3.12
1592441740, 785, 0, 1, 0, 0, 0.02%, 0, 0, 1, 3.12
1592441745, 786, 0, 1, 0, 0, 0.02%, 0, 0, 1, 3.12
1592441755, 787, 0, 1, 0, 0, 0.02%, 0, 0, 1, 3.12
1592441766, 788, 0, 1, 0, 0, 0.02%, 0, 0, 1, 3.12
1592441771, 789, 0, 1, 0, 0, 0.02%, 0, 0, 1, 3.12
1592441781, 790, 0, 1, 0, 0, 0.02%, 0, 0, 1, 3.12
1592441786, 791, 0, 1, 0, 0, 0.02%, 0, 0, 1, 3.12
1592441796, 792, 0, 1, 0, 0, 0.02%, 0, 0, 1, 3.12
1592441802, 793, 0, 1, 0, 0, 0.02%, 0, 0, 1, 3.12
1592441812, 794, 0, 1, 0, 0, 0.02%, 0, 0, 1, 3.12
1592441817, 795, 0, 1, 0, 0, 0.02%, 0, 0, 1, 3.12
1592441827, 796, 0, 1, 0, 0, 0.02%, 0, 0, 1, 3.12
1592441838, 797, 0, 1, 0, 0, 0.02%, 0, 0, 1, 3.12
1592441843, 798, 0, 1, 0, 0, 0.02%, 0, 0, 1, 3.12
1592441853, 799, 0, 1, 0, 0, 0.02%, 0, 0, 1, 3.12
1592441858, 800, 0, 1, 0, 0, 0.02%, 0, 0, 1, 3.12
1592441868, 801, 0, 1, 0, 0, 0.02%, 0, 0, 1, 3.12
1592441873, 802, 0, 1, 0, 0, 0.02%, 0, 0, 1, 3.12
1592441884, 803, 0, 1, 0, 0, 0.02%, 0, 0, 1, 3.12
1592441894, 804, 0, 1, 0, 0, 0.02%, 0, 0, 1, 3.12
1592441899, 805, 0, 1, 0, 0, 0.02%, 0, 0, 1, 3.12
1592441909, 806, 0, 1, 0, 0, 0.02%, 0, 0, 1, 3.12
1592441915, 807, 0, 1, 0, 0, 0.02%, 0, 0, 1, 3.12
1592441925, 808, 0, 1, 0, 0, 0.02%, 0, 0, 1, 3.12
1592441930, 809, 0, 1, 0, 0, 0.02%, 0, 0, 1, 3.12
1592441940, 810, 0, 1, 0, 0, 0.02%, 0, 0, 1, 3.12
1592441945, 811, 0, 1, 0, 0, 0.02%, 0, 0, 1, 3.12
1592441956, 812, 0, 1, 0, 0, 0.02%, 0, 0, 1, 3.12
1592441966, 813, 0, 1, 0, 0, 0.02%, 0, 0, 1, 3.12
1592441971, 814, 0, 1, 0, 0, 0.02%, 0, 0, 1, 3.12
1592441981, 815, 0, 1, 0, 0, 0.02%, 0, 0, 1, 3.12
1592441986, 816, 0, 1, 0, 0, 0.02%, 0, 0, 1, 3.12
1592441997, 817, 0, 1, 0, 0, 0.02%, 0, 0, 1, 3.12
1592442002, 818, 0, 1, 0, 0, 0.02%, 0, 0, 1, 3.12
1592442012, 819, 0, 1, 0, 0, 0.02%, 0, 0, 1, 3.12
1592442022, 820, 0, 1, 0, 0, 0.02%, 0, 0, 1, 3.12
1592442027, 821, 0, 1, 0, 0, 0.02%, 0, 0, 1, 3.12
1592442038, 822, 0, 1, 0, 0, 0.02%, 0, 0, 1, 3.12
1592442043, 823, 0, 1, 0, 0, 0.02%, 0, 0, 1, 3.12
1592442053, 824, 0, 1, 0, 0, 0.02%, 0, 0, 1, 3.12
1592442058, 825, 0, 1, 0, 0, 0.02%, 0, 0, 1, 3.12
1592442069, 826, 0, 1, 0, 0, 0.02%, 0, 0, 1, 3.12
1592442074, 827, 0, 1, 0, 0, 0.02%, 0, 0, 1, 3.12
1592442084, 828, 0, 1, 0, 0, 0.02%, 0, 0, 1, 3.12
1592442094, 829, 0, 1, 0, 0, 0.02%, 0, 0, 1, 3.12
1592442099, 830, 0, 1, 0, 0, 0.02%, 0, 0, 1, 3.12
1592442110, 831, 0, 1, 0, 0, 0.02%, 0, 0, 1, 3.12
1592442115, 832, 0, 1, 0, 0, 0.02%, 0, 0, 1, 3.12
1592442125, 833, 0, 1, 0, 0, 0.02%, 0, 0, 1, 3.12
1592442130, 834, 0, 1, 0, 0, 0.02%, 0, 0, 1, 3.12
1592442140, 835, 0, 1, 0, 0, 0.02%, 0, 0, 1, 3.12
1592442151, 836, 0, 1, 0, 0, 0.02%, 0, 0, 1, 3.12
1592442156, 837, 0, 1, 0, 0, 0.02%, 0, 0, 1, 3.12
1592442166, 838, 0, 1, 0, 0, 0.02%, 0, 0, 1, 3.12
1592442171, 839, 0, 1, 0, 0, 0.02%, 0, 0, 1, 3.12
1592442181, 840, 0, 1, 0, 0, 0.02%, 0, 0, 1, 3.12
1592442187, 841, 0, 1, 0, 0, 0.02%, 0, 0, 1, 3.12
1592442197, 842, 0, 1, 0, 0, 0.02%, 0, 0, 1, 3.12
1592442202, 843, 0, 1, 0, 0, 0.02%, 0, 0, 1, 3.12
1592442212, 844, 0, 1, 0, 0, 0.02%, 0, 0, 1, 3.12
1592442223, 845, 0, 1, 0, 0, 0.02%, 0, 0, 1, 3.12
1592442228, 846, 0, 1, 0, 0, 0.02%, 0, 0, 1, 3.12
1592442238, 847, 0, 1, 0, 0, 0.02%, 0, 0, 1, 3.12
1592442243, 848, 0, 1, 0, 0, 0.02%, 0, 0, 1, 3.12
1592442253, 849, 0, 1, 0, 0, 0.02%, 0, 0, 1, 3.12
1592442258, 850, 0, 1, 0, 0, 0.02%, 0, 0, 1, 3.12
1592442269, 851, 0, 1, 0, 0, 0.02%, 0, 0, 1, 3.12
1592442279, 852, 0, 1, 0, 0, 0.02%, 0, 0, 1, 3.12
1592442284, 853, 0, 1, 0, 0, 0.02%, 0, 0, 1, 3.12
1592442294, 854, 0, 1, 0, 0, 0.02%, 0, 0, 1, 3.12
1592442300, 855, 0, 1, 0, 0, 0.02%, 0, 0, 1, 3.12
1592442310, 856, 0, 1, 0, 0, 0.02%, 0, 0, 1, 3.12
1592442315, 857, 0, 1, 0, 0, 0.02%, 0, 0, 1, 3.12
1592442325, 858, 0, 1, 0, 0, 0.02%, 0, 0, 1, 3.12
1592442330, 859, 0, 1, 0, 0, 0.02%, 0, 0, 1, 3.12
1592442341, 860, 0, 1, 0, 0, 0.02%, 0, 0, 1, 3.12
1592442351, 861, 0, 1, 0, 0, 0.02%, 0, 0, 1, 3.12
1592442356, 862, 0, 1, 0, 0, 0.02%, 0, 0, 1, 3.12
1592442366, 863, 0, 1, 0, 0, 0.02%, 0, 0, 1, 3.12
1592442371, 864, 0, 1, 0, 0, 0.02%, 0, 0, 1, 3.12
1592442382, 865, 0, 1, 0, 0, 0.02%, 0, 0, 1, 3.12
1592442387, 866, 0, 1, 0, 0, 0.02%, 0, 0, 1, 3.12
1592442397, 867, 0, 1, 0, 0, 0.02%, 0, 0, 1, 3.12
1592442407, 868, 0, 1, 0, 0, 0.02%, 0, 0, 1, 3.12
1592442412, 869, 0, 1, 0, 0, 0.02%, 0, 0, 1, 3.12
1592442423, 870, 0, 2, 1, 0, 0.02%, 0, 0, 2, 3.48
