# unix_time, cycles_done, cur_path, paths_total, pending_total, pending_favs, map_size, unique_crashes, unique_hangs, max_depth, execs_per_sec
1592435362, 0, 0, 1, 1, 1, 0.02%, 0, 0, 1, 2.48
1592435388, 0, 0, 2, 2, 1, 0.02%, 0, 0, 2, 2.52
1592435393, 0, 0, 3, 3, 1, 0.02%, 0, 0, 2, 2.54
1592435398, 0, 0, 5, 5, 1, 0.03%, 0, 0, 2, 2.55
1592435408, 0, 0, 7, 7, 1, 0.04%, 0, 0, 2, 2.55
1592435418, 0, 0, 8, 8, 1, 0.05%, 0, 0, 2, 2.55
1592435423, 0, 0, 9, 9, 1, 0.05%, 0, 0, 2, 2.58
1592435815, 0, 0, 10, 9, 0, 0.05%, 0, 0, 2, 2.59
1592435820, 0, 0, 11, 10, 0, 0.05%, 0, 0, 2, 2.59
1592435830, 0, 1, 11, 10, 8, 0.05%, 0, 0, 2, 2.56
1592435933, 0, 2, 11, 9, 7, 0.05%, 0, 0, 2, 2.60
1592436037, 0, 3, 11, 8, 6, 0.05%, 0, 0, 2, 2.61
1592436144, 0, 4, 11, 7, 5, 0.05%, 0, 0, 2, 2.57
1592436253, 0, 5, 11, 6, 4, 0.05%, 0, 0, 2, 2.57
1592436361, 0, 6, 11, 5, 3, 0.05%, 0, 0, 2, 2.57
1592436474, 0, 8, 11, 4, 2, 0.05%, 0, 0, 2, 2.56
1592436585, 0, 9, 11, 3, 1, 0.05%, 0, 0, 2, 2.59
1592436704, 1, 0, 11, 2, 0, 0.05%, 0, 0, 2, 2.62
1592436714, 1, 0, 12, 3, 0, 0.05%, 0, 0, 2, 2.63
1592436720, 1, 0, 13, 4, 0, 0.05%, 0, 0, 2, 2.62
1592436833, 1, 1, 13, 4, 0, 0.05%, 0, 0, 2, 2.61
1592436930, 1, 2, 13, 4, 0, 0.05%, 0, 0, 2, 2.57
1592437034, 1, 3, 13, 4, 0, 0.05%, 0, 0, 2, 2.58
1592437137, 1, 4, 13, 4, 0, 0.05%, 0, 0, 2, 2.59
1592437239, 1, 5, 13, 4, 0, 0.05%, 0, 0, 2, 2.60
1592437347, 1, 6, 13, 4, 0, 0.05%, 0, 0, 2, 2.57
1592437454, 1, 7, 13, 4, 0, 0.05%, 0, 0, 2, 2.57
1592437557, 1, 8, 13, 3, 0, 0.05%, 0, 0, 2, 2.60
1592437670, 1, 9, 13, 3, 0, 0.05%, 0, 0, 2, 2.60
1592437773, 2, 0, 13, 3, 0, 0.05%, 0, 0, 2, 2.59
1592437872, 2, 1, 13, 3, 0, 0.05%, 0, 0, 2, 2.61
1592437969, 2, 1, 14, 4, 0, 0.05%, 0, 0, 2, 2.59
1592437975, 2, 2, 14, 4, 0, 0.05%, 0, 0, 2, 2.58
1592438076, 2, 3, 14, 4, 0, 0.05%, 0, 0, 2, 2.58
1592438181, 2, 4, 14, 4, 0, 0.05%, 0, 0, 2, 2.60
1592438280, 2, 5, 14, 4, 0, 0.05%, 0, 0, 2, 2.59
1592438387, 2, 6, 14, 4, 0, 0.05%, 0, 0, 2, 2.59
1592438496, 2, 7, 14, 4, 0, 0.05%, 0, 0, 2, 2.61
1592438593, 2, 7, 15, 5, 0, 0.05%, 0, 0, 3, 2.57
1592438608, 2, 8, 15, 5, 0, 0.05%, 0, 0, 3, 2.56
1592438716, 2, 9, 15, 5, 0, 0.05%, 0, 0, 3, 2.61
1592438819, 2, 12, 15, 5, 0, 0.05%, 0, 0, 3, 2.62
1592438975, 2, 14, 15, 4, 0, 0.05%, 0, 0, 3, 2.60
1592439257, 2, 14, 16, 5, 0, 0.05%, 0, 0, 4, 2.61
1592439408, 3, 0, 16, 4, 0, 0.05%, 0, 0, 4, 2.59
1592439513, 3, 1, 16, 4, 0, 0.05%, 0, 0, 4, 2.62
1592439610, 3, 2, 16, 4, 0, 0.05%, 0, 0, 4, 2.58
1592439713, 3, 3, 16, 4, 0, 0.05%, 0, 0, 4, 2.58
1592439816, 3, 4, 16, 4, 0, 0.05%, 0, 0, 4, 2.60
1592439919, 3, 5, 16, 4, 0, 0.05%, 0, 0, 4, 2.59
1592440027, 3, 6, 16, 4, 0, 0.05%, 0, 0, 4, 2.59
1592440130, 3, 8, 16, 4, 0, 0.05%, 0, 0, 4, 2.60
1592440240, 3, 9, 16, 4, 0, 0.05%, 0, 0, 4, 2.59
1592440342, 3, 11, 16, 4, 0, 0.05%, 0, 0, 4, 2.58
1592440497, 4, 0, 16, 3, 0, 0.05%, 0, 0, 4, 2.60
1592440599, 4, 1, 16, 3, 0, 0.05%, 0, 0, 4, 2.58
1592440697, 4, 2, 16, 3, 0, 0.05%, 0, 0, 4, 2.59
1592440800, 4, 3, 16, 3, 0, 0.05%, 0, 0, 4, 2.59
1592440904, 4, 4, 16, 3, 0, 0.05%, 0, 0, 4, 2.58
1592441012, 4, 5, 16, 3, 0, 0.05%, 0, 0, 4, 2.26
1592441130, 4, 6, 16, 3, 0, 0.05%, 0, 0, 4, 2.35
1592441247, 4, 8, 16, 3, 0, 0.05%, 0, 0, 4, 2.35
1592441365, 4, 9, 16, 3, 0, 0.05%, 0, 0, 4, 2.39
1592441478, 4, 11, 16, 3, 0, 0.05%, 0, 0, 4, 2.38
1592441590, 5, 0, 16, 3, 0, 0.05%, 0, 0, 4, 2.36
1592441702, 5, 1, 16, 3, 0, 0.05%, 0, 0, 4, 2.39
1592441814, 5, 2, 16, 3, 0, 0.05%, 0, 0, 4, 2.37
1592441927, 5, 3, 16, 3, 0, 0.05%, 0, 0, 4, 2.35
1592442039, 5, 4, 16, 3, 0, 0.05%, 0, 0, 4, 2.38
1592442151, 5, 5, 16, 3, 0, 0.05%, 0, 0, 4, 2.33
1592442269, 5, 6, 16, 3, 0, 0.05%, 0, 0, 4, 2.29
1592442382, 5, 8, 16, 3, 0, 0.05%, 0, 0, 4, 2.38
