# unix_time, cycles_done, cur_path, paths_total, pending_total, pending_favs, map_size, unique_crashes, unique_hangs, max_depth, execs_per_sec
1592412722, 0, 0, 1, 1, 1, 0.02%, 0, 0, 1, 4.15
1592412743, 0, 0, 2, 2, 1, 0.02%, 0, 0, 2, 2.74
1592412748, 0, 0, 3, 3, 1, 0.03%, 0, 0, 2, 2.65
1592412753, 0, 0, 4, 4, 1, 0.04%, 0, 0, 2, 2.64
1592412759, 0, 0, 5, 5, 1, 0.04%, 0, 0, 2, 2.61
1592412769, 0, 0, 6, 6, 1, 0.04%, 0, 0, 2, 2.55
1592412774, 0, 0, 7, 7, 1, 0.04%, 0, 0, 2, 2.52
1592412779, 0, 0, 8, 8, 1, 0.05%, 0, 0, 2, 2.53
1592412784, 0, 0, 9, 9, 1, 0.05%, 0, 0, 2, 2.54
1592412800, 0, 0, 9, 9, 1, 0.05%, 1, 0, 2, 2.57
1592412820, 0, 0, 10, 10, 1, 0.05%, 1, 0, 2, 2.59
1592413178, 0, 0, 10, 9, 0, 0.05%, 1, 0, 2, 2.59
1592413183, 0, 1, 10, 9, 9, 0.05%, 1, 0, 2, 2.57
1592413286, 0, 2, 10, 8, 8, 0.05%, 1, 0, 2, 2.60
1592413389, 0, 3, 10, 7, 7, 0.05%, 1, 0, 2, 2.63
1592413497, 0, 4, 10, 6, 6, 0.05%, 1, 0, 2, 2.63
1592413610, 0, 5, 10, 5, 5, 0.05%, 1, 0, 2, 2.57
1592413722, 0, 6, 10, 4, 4, 0.05%, 1, 0, 2, 2.57
1592413834, 0, 7, 10, 3, 3, 0.05%, 1, 0, 2, 2.57
1592413937, 0, 8, 10, 2, 2, 0.05%, 1, 0, 2, 2.57
1592414045, 0, 9, 10, 1, 1, 0.05%, 1, 0, 2, 2.56
1592414167, 1, 0, 10, 0, 0, 0.05%, 1, 0, 2, 2.58
1592414183, 1, 0, 11, 1, 0, 0.05%, 1, 0, 2, 2.58
1592414213, 1, 0, 12, 2, 0, 0.05%, 1, 0, 2, 2.59
1592414289, 1, 0, 13, 3, 0, 0.05%, 1, 0, 2, 2.56
1592414295, 1, 1, 13, 3, 0, 0.05%, 1, 0, 2, 2.56
1592414394, 1, 2, 13, 3, 0, 0.05%, 1, 0, 2, 2.59
1592414492, 1, 3, 13, 3, 0, 0.05%, 1, 0, 2, 2.65
1592414594, 1, 4, 13, 3, 0, 0.05%, 1, 0, 2, 2.57
1592414702, 1, 5, 13, 3, 0, 0.05%, 1, 0, 2, 2.64
1592414810, 1, 5, 14, 4, 0, 0.05%, 1, 0, 2, 2.58
1592414815, 1, 6, 14, 4, 0, 0.05%, 1, 0, 2, 2.58
1592414919, 1, 7, 14, 4, 0, 0.05%, 1, 0, 2, 2.61
1592415017, 1, 8, 14, 4, 0, 0.05%, 1, 0, 2, 2.60
1592415120, 1, 9, 14, 4, 0, 0.05%, 1, 0, 2, 2.61
1592415222, 1, 13, 14, 4, 0, 0.05%, 1, 0, 2, 2.60
1592415418, 2, 0, 14, 3, 0, 0.05%, 1, 0, 2, 2.58
1592415519, 2, 1, 14, 3, 0, 0.05%, 1, 0, 2, 2.57
1592415619, 2, 2, 14, 3, 0, 0.05%, 1, 0, 2, 2.61
1592415721, 2, 3, 14, 3, 0, 0.05%, 1, 0, 2, 2.59
1592415823, 2, 4, 14, 3, 0, 0.05%, 1, 0, 2, 2.57
1592415931, 2, 5, 14, 3, 0, 0.05%, 1, 0, 2, 2.59
1592416035, 2, 6, 14, 3, 0, 0.05%, 1, 0, 2, 2.59
1592416138, 2, 7, 14, 3, 0, 0.05%, 1, 0, 2, 2.59
1592416184, 2, 7, 15, 4, 0, 0.05%, 1, 0, 3, 2.60
1592416247, 2, 8, 15, 4, 0, 0.05%, 1, 0, 3, 2.62
1592416273, 2, 8, 16, 5, 0, 0.05%, 1, 0, 3, 2.62
1592416361, 2, 9, 16, 5, 0, 0.05%, 1, 0, 3, 2.61
1592416460, 2, 10, 16, 5, 0, 0.05%, 1, 0, 3, 2.64
1592416596, 2, 11, 16, 4, 0, 0.05%, 1, 0, 3, 2.65
1592416782, 2, 12, 16, 3, 0, 0.05%, 1, 0, 3, 2.59
1592416925, 2, 14, 16, 2, 0, 0.05%, 1, 0, 3, 2.58
1592417231, 3, 0, 16, 1, 0, 0.05%, 1, 0, 3, 2.58
1592417333, 3, 1, 16, 1, 0, 0.05%, 1, 0, 3, 3.09
1592417425, 3, 2, 16, 1, 0, 0.05%, 1, 0, 3, 2.55
1592417527, 3, 3, 16, 1, 0, 0.05%, 1, 0, 3, 2.61
1592417635, 3, 4, 16, 1, 0, 0.05%, 1, 0, 3, 2.56
1592417742, 3, 5, 16, 1, 0, 0.05%, 1, 0, 3, 2.56
1592417854, 3, 6, 16, 1, 0, 0.05%, 1, 0, 3, 2.55
1592417956, 3, 7, 16, 1, 0, 0.05%, 1, 0, 3, 2.56
1592418057, 3, 8, 16, 1, 0, 0.05%, 1, 0, 3, 2.58
1592418159, 3, 9, 16, 1, 0, 0.05%, 1, 0, 3, 2.55
1592418265, 4, 0, 16, 1, 0, 0.05%, 1, 0, 3, 2.58
1592418367, 4, 1, 16, 1, 0, 0.05%, 1, 0, 3, 2.58
1592418464, 4, 2, 16, 1, 0, 0.05%, 1, 0, 3, 2.55
1592418570, 4, 3, 16, 1, 0, 0.05%, 1, 0, 3, 2.56
1592418671, 4, 4, 16, 1, 0, 0.05%, 1, 0, 3, 2.56
1592418778, 4, 5, 16, 1, 0, 0.05%, 1, 0, 3, 2.58
1592418889, 4, 6, 16, 1, 0, 0.05%, 1, 0, 3, 2.58
1592418991, 4, 7, 16, 1, 0, 0.05%, 1, 0, 3, 2.59
1592419092, 4, 8, 16, 1, 0, 0.05%, 1, 0, 3, 2.57
1592419194, 4, 9, 16, 1, 0, 0.05%, 1, 0, 3, 2.56
1592419295, 4, 10, 16, 1, 0, 0.05%, 1, 0, 3, 2.55
1592419402, 5, 0, 16, 1, 0, 0.05%, 1, 0, 3, 2.56
1592419503, 5, 1, 16, 1, 0, 0.05%, 1, 0, 3, 2.56
1592419605, 5, 2, 16, 1, 0, 0.05%, 1, 0, 3, 2.55
1592419706, 5, 3, 16, 1, 0, 0.05%, 1, 0, 3, 2.55
1592419813, 5, 4, 16, 1, 0, 0.05%, 1, 0, 3, 2.56
1592419920, 5, 5, 16, 1, 0, 0.05%, 1, 0, 3, 2.56
1592420027, 5, 6, 16, 1, 0, 0.05%, 1, 0, 3, 2.54
1592420134, 5, 7, 16, 1, 0, 0.05%, 1, 0, 3, 2.55
1592420236, 5, 8, 16, 1, 0, 0.05%, 1, 0, 3, 2.55
1592420337, 5, 9, 16, 1, 0, 0.05%, 1, 0, 3, 2.57
1592420438, 5, 10, 16, 1, 0, 0.05%, 1, 0, 3, 2.56
1592420544, 6, 0, 16, 1, 0, 0.05%, 1, 0, 3, 2.57
1592420646, 6, 1, 16, 1, 0, 0.05%, 1, 0, 3, 2.57
1592420747, 6, 2, 16, 1, 0, 0.05%, 1, 0, 3, 2.57
1592420848, 6, 3, 16, 1, 0, 0.05%, 1, 0, 3, 2.57
1592420955, 6, 4, 16, 1, 0, 0.05%, 1, 0, 3, 2.57
1592421062, 6, 5, 16, 1, 0, 0.05%, 1, 0, 3, 2.56
1592421169, 6, 6, 16, 1, 0, 0.05%, 1, 0, 3, 2.56
1592421275, 6, 7, 16, 1, 0, 0.05%, 1, 0, 3, 2.57
1592421376, 6, 8, 16, 1, 0, 0.05%, 1, 0, 3, 2.57
1592421478, 6, 9, 16, 1, 0, 0.05%, 1, 0, 3, 2.57
1592421584, 7, 0, 16, 1, 0, 0.05%, 1, 0, 3, 2.56
1592421685, 7, 1, 16, 1, 0, 0.05%, 1, 0, 3, 2.58
1592421787, 7, 2, 16, 1, 0, 0.05%, 1, 0, 3, 2.57
1592421888, 7, 3, 16, 1, 0, 0.05%, 1, 0, 3, 2.56
1592421994, 7, 4, 16, 1, 0, 0.05%, 1, 0, 3, 2.56
1592422101, 7, 5, 16, 1, 0, 0.05%, 1, 0, 3, 2.57
1592422207, 7, 6, 16, 1, 0, 0.05%, 1, 0, 3, 2.57
1592422314, 7, 7, 16, 1, 0, 0.05%, 1, 0, 3, 2.56
1592422415, 7, 8, 16, 1, 0, 0.05%, 1, 0, 3, 2.57
1592422516, 7, 9, 16, 1, 0, 0.05%, 1, 0, 3, 2.58
1592422618, 7, 15, 16, 1, 0, 0.05%, 1, 0, 3, 2.56
1592423110, 8, 0, 16, 0, 0, 0.05%, 1, 0, 3, 2.57
1592423211, 8, 1, 16, 0, 0, 0.05%, 1, 0, 3, 2.56
1592423313, 8, 2, 16, 0, 0, 0.05%, 1, 0, 3, 2.57
1592423414, 8, 3, 16, 0, 0, 0.05%, 1, 0, 3, 2.57
1592423515, 8, 4, 16, 0, 0, 0.05%, 1, 0, 3, 2.56
1592423628, 8, 5, 16, 0, 0, 0.05%, 1, 0, 3, 2.60
1592423734, 8, 6, 16, 0, 0, 0.05%, 1, 0, 3, 2.57
1592423836, 8, 7, 16, 0, 0, 0.05%, 1, 0, 3, 2.58
1592423937, 8, 8, 16, 0, 0, 0.05%, 1, 0, 3, 2.56
1592424043, 8, 9, 16, 0, 0, 0.05%, 1, 0, 3, 2.56
1592424145, 9, 0, 16, 0, 0, 0.05%, 1, 0, 3, 2.58
1592424246, 9, 1, 16, 0, 0, 0.05%, 1, 0, 3, 2.57
1592424348, 9, 2, 16, 0, 0, 0.05%, 1, 0, 3, 2.57
1592424449, 9, 3, 16, 0, 0, 0.05%, 1, 0, 3, 2.58
1592424555, 9, 4, 16, 0, 0, 0.05%, 1, 0, 3, 2.57
1592424662, 9, 5, 16, 0, 0, 0.05%, 1, 0, 3, 2.56
1592424768, 9, 6, 16, 0, 0, 0.05%, 1, 0, 3, 2.57
1592424875, 9, 7, 16, 0, 0, 0.05%, 1, 0, 3, 2.57
1592424976, 9, 8, 16, 0, 0, 0.05%, 1, 0, 3, 2.58
1592425077, 9, 9, 16, 0, 0, 0.05%, 1, 0, 3, 2.56
1592425179, 10, 0, 16, 0, 0, 0.05%, 1, 0, 3, 2.57
1592425285, 10, 1, 16, 0, 0, 0.05%, 1, 0, 3, 2.57
1592425386, 10, 2, 16, 0, 0, 0.05%, 1, 0, 3, 2.57
1592425488, 10, 3, 16, 0, 0, 0.05%, 1, 0, 3, 2.57
1592425589, 10, 4, 16, 0, 0, 0.05%, 1, 0, 3, 2.57
1592425702, 10, 5, 16, 0, 0, 0.05%, 1, 0, 3, 2.44
1592425817, 10, 6, 16, 0, 0, 0.05%, 1, 0, 3, 2.46
1592425928, 10, 7, 16, 0, 0, 0.05%, 1, 0, 3, 2.47
1592426033, 10, 8, 16, 0, 0, 0.05%, 1, 0, 3, 2.24
1592426143, 10, 9, 16, 0, 0, 0.05%, 1, 0, 3, 2.47
1592426254, 10, 12, 16, 0, 0, 0.05%, 1, 0, 3, 2.47
1592426359, 11, 0, 16, 0, 0, 0.05%, 1, 0, 3, 2.42
1592426469, 11, 1, 16, 0, 0, 0.05%, 1, 0, 3, 2.43
1592426574, 11, 2, 16, 0, 0, 0.05%, 1, 0, 3, 2.45
1592426679, 11, 3, 16, 0, 0, 0.05%, 1, 0, 3, 2.47
